1.2745338626544243,1.0202811797820186,1.2548594334816423,1.1155350472080783,0.6580857091250017,0.05892454724867413,0.8646424993225015,1.7519371754206965,0.7839617978029058,0.8952960999197528,1.330127636830278,0.8254332809371432,1.7851792150657728,1.443190666104108,0.7757924893595207,0.7489798990112608,1.217068586321115,0.7572149888306325,0.5289692498846438,0.8070132290293872,1.9286449367555671,1.1059958638723248,1.7456185757569884,0.9840814446292957,0.9175496172749957,0.6609439861985823,0.9083640046328422,0.8289860662353958,0.390950734464516,0.8443791622768867,0.5052935973694952,1.3906070085406959,1.0548422643371418,0.5686585449729279,0.9546077584008618,0.36421400612984955,0.8664036399399124,0.1893765002525879,1.150040640602203,1.5735141489556466,1.6640501966672256,1.3298571851591217,1.121466549324997,0.8641158428129871,0.37294286702470636,0.29584695981439446,1.4609446075407995,0.810066779296216,0.32971323523435203,1.1682279328054523,0.8553458252750341,1.1269323626198213,0.7260974223493065,1.44204294966314,0.8603094652116505,1.0873402756298902,1.6516514768444495,0.6481087434552089,1.0019195295306247,1.7716755976349403,1.5220475952269723,1.208424031802997,1.1703362477613228,0.8910555112831424,1.4652684616213056,0.603370300250116,0.7348804940712933,0.6410618687898801,1.018867377003191,0.9064109461709897,0.7074327522121882,0.9806072310683713,1.4800637964672168,0.7551240094434265,1.3620867723170658,
1.0202811797820186,0.01628907630444254,1.5660933047454586,1.4663419088678187,0.8241786316709753,1.6403320905174892,0.48102313133233,0.7115540913348323,1.3669431649854729,0.629387851360575,0.9713461058440583,1.3164466327337632,0.8006734018725619,1.1914113204646632,1.0415451039458403,0.3613645004688413,0.31507736231456607,0.47812174158265364,1.0226026362176541,1.1824130712330887,1.2287869963780682,0.5128598004847831,1.0538177682535155,1.0175584717760615,0.09978021653037128,0.7076635677236303,0.6178973032065606,1.2490484294952453,1.5018705384535935,0.949092454965807,0.19381433771880552,0.9041347665953495,0.9358375998565917,0.4975261347696872,0.7599140469825071,1.3347851188031798,1.020114933530217,1.474879644101712,1.25721590205041,1.0294894419037217,1.0726768828708333,0.8888327729829054,1.0063491955979678,1.2178987555860081,0.4246890536422968,0.3428586968547579,1.091281591165465,0.9898279917158117,1.475942470233608,1.1993932973496995,1.110193094137225,1.0774004908935144,0.31732624214148786,1.110490990993454,1.4660242213279957,1.3124564816649018,0.9006657724704064,1.1603950480226208,0.8337429804389502,0.9073924550385671,0.9651046472062398,1.3758620026830268,1.2537688045697983,1.4498791403323847,1.1042533313699938,1.1557245453131648,0.45539520120956545,1.2157280467949332,1.0343645514968371,1.1813591264949261,1.6268727102077345,1.264327351281397,0.4751048999615378,1.1593896563534738,1.1334381647371239,
1.2548594334816423,1.5660933047454586,0.8194218839407901,1.1531727151823015,1.3591590042092965,0.4519048736093151,0.12356876271246109,1.1187910625445405,1.0732125965326187,1.2214611779336795,0.7624288104508801,1.5459838074862187,0.5292961467666244,1.3196970350305435,1.227590799873178,0.9229173192995537,0.9438846506227444,0.9036825808888377,0.7515020757568309,1.8019749733692456,0.8742120940235178,1.1364076016613316,0.8987043090919177,0.7204997153797559,1.4489485866656624,1.329785770549192,0.15535377907450842,0.4147422138517588,0.597722727783799,1.3985426655014899,1.3962271519751175,1.1161968339337136,1.4297799145623156,1.317947598973043,0.9456176415926059,1.1837469126539477,0.8994963736738754,0.20970770035770492,0.9654607850300289,1.0021174178081644,0.06022362618946531,0.8290746698201761,0.6786598227078996,0.9014291575489204,1.3089412801877982,1.242785816214926,1.1974101850525838,1.168108736903301,1.0941248652372617,0.5244571874035552,1.300969335370353,0.9181871026912914,1.7533987657366434,1.1181794814081916,1.3429050797110391,0.2894263351932327,1.1559163898598328,1.3840443429646703,1.1330948570573178,1.5419883441167206,0.4641646776272287,0.7405576393156253,0.8443690461146214,1.6085157741867362,1.4637990154860485,0.9728743702677627,0.47156481329191424,1.1224737975467196,0.7196260783835677,0.9461072093793578,1.457956565312299,1.0461361638650617,1.3241933350933721,0.4370412517694039,1.7233744896173433,
1.1155350472080783,1.4663419088678187,1.1531727151823015,1.0141621626870658,1.2494494660063094,1.558365543522712,0.21490787387880417,1.7010388757246444,1.0716634948612596,0.7470390157504877,1.438886298983725,1.2041925158926137,0.7793734697811341,0.7080707909023066,0.7592024509406418,0.6780419695136507,0.6855900197393336,0.9590301310654108,0.8440049608693105,0.5315716593313524,1.5599186056406804,1.120900782395461,0.6986363610192812,1.2305689926092622,0.4876670732562869,0.39652620567166086,1.2351568080711148,0.9866650365836338,0.5550914079481114,1.14175749035781,0.12646102529917613,1.52500137270345,1.1340244785045543,1.7082824557776746,1.1345373164306796,1.2523503556886375,1.3014616092871691,0.6912431585940674,1.2384925219691585,1.0784202854251568,0.6482904299502638,0.420429893459878,0.28016699128627753,0.9817266820683187,0.4921954136869311,1.342080234352576,1.206002757190146,1.3754536527369932,0.9271270188613154,1.0265908001246833,0.9218042598409745,0.9452471129674049,1.045797907344774,0.360190714164334,1.0181504143740003,1.1617607000731764,0.7183892476731489,0.42287418270133104,1.1508078027340374,0.39476537080663177,1.0191850999906094,1.2092332406259814,1.649009319118779,0.8223982145246282,0.9621918022669897,1.445490216917848,0.7219719642921018,0.7361826688452016,0.586527532838302,0.8424212684515545,1.6506845860176118,1.2314890986051616,0.910702329967587,1.122960343752593,1.165005273210935,
0.6580857091250017,0.8241786316709753,1.3591590042092965,1.2494494660063094,1.6739271161555884,1.6135791147349121,0.16079478717002826,1.2949638399266354,0.08486211617958028,1.3368911873896545,0.30600520782738316,0.6624318350375646,1.5017473700783206,0.8979297589625503,1.0563624453509584,0.3500756137386626,1.567127070934976,1.607672093811939,0.6780550962420323,0.6961514396476549,0.9211525085610506,0.7818473374898,0.7614546603238977,0.40034470146041334,1.5185075802833443,0.2216432696140227,0.4975809823849675,1.0971488094183992,1.334687107555487,1.379546266518816,1.8184809603400636,0.9316635373393075,1.05012894736516,0.7018950805396125,1.1846944537215744,0.7562047000665206,1.3857992063243914,1.1575248618781604,1.7271271464474867,0.5694320726756386,0.7235008981648979,0.4894586195347739,0.3364154514773269,0.6455074306851628,0.5780743717817662,0.06556207708736195,1.1066476346663632,1.0375407806388481,0.9964076947284015,1.2419819789628312,1.0610152759311906,0.23390168371357167,0.923552772400319,0.6306556016706517,1.1925172038761134,0.7188130377161323,1.054059538315407,1.5380757522431256,0.5870229888702201,0.7492223453703328,0.8406522593472582,1.0754761723538746,1.0244894382933207,0.36130365266512054,0.8880376103623948,0.8699963747626135,0.6920940826490593,0.9096326964794813,0.9189866691830575,1.3558984242617762,1.5664912790518444,1.2921579070209008,0.8383474970817582,0.45826162382033886,1.7778237457445472,
0.05892454724867413,1.6403320905174892,0.4519048736093151,1.558365543522712,1.6135791147349121,1.9904458782177346,0.7895985542226365,1.0747763330613975,0.4532430175153599,0.7893704863980078,0.835102630816934,0.39323281252928144,1.570908959820553,1.302590865162915,1.618711362744445,0.28845855702094914,0.8508560603646874,0.7788241903686566,0.1082384827909385,0.7378687343590945,1.2023335454130135,0.8526362118028441,0.8952943676512651,0.5521679091746101,1.3683581813237138,1.2924750856828195,0.6475977144709161,1.3252595959543993,1.562057593889988,0.9030545344917008,1.6146024657260436,1.2617630799561685,1.1440041941443975,0.7367847988913762,1.9661342673469517,1.0145234530597664,1.1064660413204879,0.7853623131357699,0.4513756119468033,1.0733888419603739,0.4354034600032721,0.7917140876954699,0.7262326359125365,1.1213303971540385,0.953067542722223,0.9185280625915072,1.4770098395403792,0.1345292882865856,0.9293827355829937,1.0015602212253398,0.9004529586395031,1.0933659951389232,1.6528084856364877,0.7997791525056107,0.5476845636424664,0.2095902675672977,1.6705347049172488,1.0194155032267314,1.0993365007815439,0.2732954769146889,0.6047520456248178,0.6208018788748783,0.714295447393907,1.1625672599804462,0.41678920406484066,1.1500673063411306,0.8860030060381431,1.2498171696771232,0.13332873440223925,0.6774069446200501,0.703009793635202,1.5116517357100299,1.445472901861815,0.881568078855145,0.5077948002016553,
0.8646424993225015,0.48102313133233,0.12356876271246109,0.21490787387880417,0.16079478717002826,0.7895985542226365,1.6165073584960372,1.703913831014861,1.2938224438023136,1.2070006597705953,1.627936034235606,0.9210853817410508,1.0257183885460543,1.138760991825409,0.7308579831783163,0.06940211461182799,0.8781070569839352,0.4655366844685027,0.8246698742342814,1.6941442286497406,0.8476740742808634,1.0479679274564737,1.0048376944929733,1.3236326928819269,1.023098127611613,0.9499118311610961,1.3485063208889811,1.8383804754331605,1.2606822325184135,0.5608426909076893,0.30991687867928996,0.17600050191296934,0.6695632594264322,0.8096404431058996,0.8741376395750541,1.5417086595821146,0.9709374020015401,0.7902028655731445,0.9683603883201337,1.3858474220058603,0.788970448164914,1.4292536054141114,1.508062508529039,1.3956851300425424,1.3600825999657957,0.8622223867326408,0.4190783723902717,0.9047506247680562,0.8546071430346266,1.1984044177277853,0.85627776484456,0.5733803282848062,0.4066921426670268,0.4383477171319531,0.26324924519143056,0.7912834645583624,1.0942546327518867,1.23645097127666,1.1589559984515068,0.8172429150369546,1.5835430020994483,1.3071393860736358,1.0869751963928111,1.6169827829361199,0.18280809903068307,1.3755174435716322,0.7808169349912683,0.7747549326257638,1.3378111755158688,1.4584744743087539,0.894394482691764,0.7954917996957441,0.9526756019586465,0.964240755631821,0.9100662797972129,
1.7519371754206965,0.7115540913348323,1.1187910625445405,1.7010388757246444,1.2949638399266354,1.0747763330613975,1.703913831014861,0.2859232821722921,0.8860988808615288,1.625084291959348,0.3765774872488722,1.6324022263791746,0.9303279283348077,1.5845564156073146,1.128657566584248,1.1741566078153256,0.778406893361354,1.2277777535710588,0.27790685436317064,0.916982378460665,0.8163421500392326,0.22427515435407186,0.8540540838467937,1.1590568791936091,1.7447881808985097,0.38885797143661005,0.8051561751876751,0.8567151950063195,0.9933199276708211,0.7321704547583148,1.2023905764088123,0.8963342361022846,0.6298774580739975,1.2573223783973384,0.6501885312792423,0.9797167465899062,0.9331937026215397,0.375461422072657,0.5492419487466753,0.5738692065099409,1.0224716981441073,1.0532442281588215,1.3112514836101907,1.7435990734371574,1.098716834433322,0.420247226625725,1.2304475956578302,1.157312678511746,1.3008264597374786,1.2405892635365512,1.4235483303081846,0.5918519126211133,0.158263276974156,0.9566973353352456,0.999168297737493,1.0445500917456554,1.4181563285838308,1.1554247804923208,1.520200435144171,0.5781788531525422,1.6066790655245038,0.9590781441744916,0.8747798578425615,1.11269641257105,1.6906394259734252,1.5001197566044078,0.8757389091935054,0.2904238851587164,1.1488744421736001,1.3853985668692195,1.2573479237896148,1.3540158555218835,0.4385456635119217,1.009274740854719,1.1831434813429642,
0.7839617978029058,1.3669431649854729,1.0732125965326187,1.0716634948612596,0.08486211617958028,0.4532430175153599,1.2938224438023136,0.8860988808615288,1.2636452414583754,0.9898102809599736,0.8474710323610749,0.9738536906831564,0.4212680278718164,1.1947814936954098,1.1099425838310282,1.276016666789257,1.5057916184598454,0.9096577397753941,0.46489460417525075,0.7753420186325126,1.1472297348113236,0.9752744243814364,0.5458603951559068,1.1590879071175753,0.8042878241146298,1.0636027254857416,0.9776549329546561,0.8608047839144759,0.48814313588853786,1.807865477891872,0.37693841323856503,1.5260552193696904,0.9371510105032891,1.2588518750748567,0.9868062488981107,0.7019120046168641,0.8772845742008768,1.112584043046816,1.0833316524165562,1.468148224339535,0.24205271093863379,0.17596296889469398,0.8232747773674913,0.35471071907179297,0.9662126604239745,1.3476919779270822,0.6489076784648592,0.803063236841775,1.1014471524703786,1.2595257007945584,0.7818601204903111,1.3279739417922731,1.32654341797533,1.7745792232529145,0.974283676400353,1.1353644311810633,1.2406504173962676,1.0495131048040098,0.270393942997576,1.071579137655975,0.8322467253958964,1.052439403029381,0.9804672394625543,0.8917798090625288,0.6834900818654428,1.2083780745285315,0.6349404776979611,0.8105577268986969,1.2247271857391153,0.8670315176610853,1.2192467731984413,1.5529324365420385,0.6327605325941614,1.6815280558269847,1.0605014079849902,
0.8952960999197528,0.629387851360575,1.2214611779336795,0.7470390157504877,1.3368911873896545,0.7893704863980078,1.2070006597705953,1.625084291959348,0.9898102809599736,0.7392507916824249,1.3889611689451429,0.2847554947647756,1.2338430532800033,0.3077324914631475,0.8754968613547229,1.0095874215679546,0.8786585872499925,0.64341720151719,1.0166069994293416,1.1648541393097822,1.4108828362875778,1.1549794184704951,1.6874278413447907,0.8453564687340275,1.0681554002503253,1.1560816546765205,0.449928226877764,1.6368907200352767,0.77577969225301,1.288480377527673,1.084105732204637,1.30842014646989,1.0273544946647712,1.3575028411975596,1.6756910416310147,0.7128978215771186,0.9906474794207982,0.19216539875425998,0.9403631791130628,1.3376845203412482,0.8670780581101745,1.412205913590432,1.7287395411951865,1.167880473378962,0.986463080674079,0.7308900459260159,1.5548664885201573,1.0803367185587838,0.38159361478879184,1.273013444306876,1.4382573938026302,0.8344802631048206,0.5719280317432762,0.4426720404380403,0.9300878392286763,0.8923074584304856,0.5952346048010915,1.6997242858860346,0.44137718768088885,0.6041719348265067,1.0570877373352539,1.3005342400659732,1.0823750304272177,0.47520695027128246,1.4852726159588256,0.6787082472567573,0.27315778303760585,0.946778397653683,0.8824726775035772,1.0228345375370074,0.46341112094773307,1.3896662557369313,1.7004692053112704,1.5486848465623626,0.376044343780213,
1.330127636830278,0.9713461058440583,0.7624288104508801,1.438886298983725,0.30600520782738316,0.835102630816934,1.627936034235606,0.3765774872488722,0.8474710323610749,1.3889611689451429,1.7468117068978817,0.9595128453782058,0.7076570063172803,0.9734071038339025,0.22621010154041354,1.0843405002877584,1.287241850844847,0.2536486630927989,0.32453609646115145,1.481206253495201,0.7111432227081614,1.2118292301995415,0.9122465736424729,1.2148590587545658,0.7297747208770897,0.03832296237293875,0.8552341043426989,1.1348035783448642,0.96790316397368,0.8807217922845259,0.43281373227417175,1.023808495324412,1.1576464085131508,0.850450007883079,0.9142567272189006,1.3460391222987762,0.38839977010465554,1.32726961425292,1.1062477949850034,0.2849102248061117,1.3313398845006206,1.8709373433334688,0.20051686289133597,1.3471498012418295,0.611167764027237,1.5129407575511373,1.1638612962537032,1.9595791117320362,1.2507930864593848,0.9072231601596684,1.2152401939409772,1.2379783717364523,1.33453069818209,0.8656373956989579,0.8290501623118316,0.11428261817802454,0.6906137975157566,0.9411633034412404,1.049181798696679,0.8558463521971664,0.5496422461504632,1.0449875739235277,0.9786437791397443,0.4689520958106035,0.44591749555003635,1.698882277248421,0.7776838334401498,1.6424822630041178,1.2076541659673667,1.0995297229563963,1.4200843554327005,0.9267940704025361,0.7629303050502702,0.5336930848646029,1.522117205980848,
0.8254332809371432,1.3164466327337632,1.5459838074862187,1.2041925158926137,0.6624318350375646,0.39323281252928144,0.9210853817410508,1.6324022263791746,0.9738536906831564,0.2847554947647756,0.9595128453782058,1.3615918632616468,0.6681725621049196,0.4805365661274078,1.4374342255890324,0.7191553242652712,0.9186543727792896,0.8300504160558801,1.2433191256675644,1.137011055054713,0.7190162530351104,1.4915302293101553,0.05217274699999863,0.923631906081488,0.8103401576651157,0.8702000651157881,0.7169389104957488,0.9572166998040981,0.95953421003912,1.1502264148201373,1.520237510487233,0.7781566387859876,1.0777344233134016,0.8402985412035389,1.528261159667042,1.6991769715953924,1.3525230155315726,0.8733840587338297,0.729422674328271,1.137705751412696,0.9602124039357425,0.7543962888245723,0.7409893941020292,0.5159990377882357,1.4011090451115134,0.5836138039864178,0.5307934132657355,1.1484261992558795,0.4852482711162758,1.0014038594343737,0.21432592704865716,1.2114834762185778,1.6883422490282705,1.3952367882757035,0.3287533179238914,1.5869755321936623,0.8527055712189205,0.7175040849548641,0.39894205261324867,1.2249138320970432,1.588508036378558,0.6646439350782328,1.493011158765969,0.4892466855714894,0.3501798371013255,1.7525455426447574,1.1190479412867074,0.9661394405097158,0.8383206879627149,1.255362807509778,1.0424147831349786,0.6026118540005034,1.161817446401442,0.3263270113381227,0.342036202027343,
1.7851792150657728,0.8006734018725619,0.5292961467666244,0.7793734697811341,1.5017473700783206,1.570908959820553,1.0257183885460543,0.9303279283348077,0.4212680278718164,1.2338430532800033,0.7076570063172803,0.6681725621049196,1.416315849639482,0.9481556108228669,1.0608405917581765,0.24596294205355462,0.5813983941049848,0.7781843213888223,1.523717174746452,1.2637858438775034,0.7108486878135815,1.467530117309098,1.7493477849494452,0.9693890712518702,1.8138602622306266,0.527653229954353,1.3314243160369483,0.2810782443926413,0.8700401554069476,0.6584147714642045,1.0202851303595142,0.8033038926001297,0.38049065973131446,0.866431298335002,0.3473304300633777,1.4057701112909644,0.3939148501448838,1.1721312808007274,0.8240110477781252,0.5176349173326615,0.9944409133219045,0.5717013949698773,0.8526654161985899,0.357654841271019,0.8322635996972201,0.7489419111617795,1.7065975517477447,0.8208957796198196,0.9801604711672647,1.034131691935271,0.7871302747399569,1.286627077867287,0.9988804849950111,1.2943024790778588,1.1649758141235504,1.6682166235188944,1.3051304587076662,0.8916915763428679,1.4792496390116163,1.0035130813588842,1.1193257647383899,0.8370013874069054,0.9770431313812296,0.8045625243137894,1.0008100715490142,1.478760046397602,1.6635154390146978,0.9660242519133492,0.3253730351353933,1.0184098196535198,1.2196553165383235,1.4687157141774487,0.17462276521058273,0.9664876023144031,1.2850822635976629,
1.443190666104108,1.1914113204646632,1.3196970350305435,0.7080707909023066,0.8979297589625503,1.302590865162915,1.138760991825409,1.5845564156073146,1.1947814936954098,0.3077324914631475,0.9734071038339025,0.4805365661274078,0.9481556108228669,1.5666528443665266,1.0037055753871211,1.2050028888326114,1.406889729058086,0.7260299030013253,0.6360985527837457,0.8208137377424178,0.423286622132908,0.8612438817656256,1.1802433829589003,0.3572252375609434,0.9762558937345013,1.2403901124769314,1.5624464012405639,0.4059483555429475,1.085008493564135,1.0813099926571366,0.6169887682050832,0.5454238003715093,0.5091165385140891,1.2482373061996923,0.8645057917275488,1.205828031125046,0.9886273428001856,1.5494115918359475,0.7906476681107784,0.7940860760556406,1.602328831787807,0.3408576105232818,0.978817650002058,1.2325794010616016,1.661199377467687,1.1518881294087535,0.9643469370123505,1.0263445540093064,1.2089321646378195,1.0114897396463318,1.459021192280844,1.1669864735155522,0.43469994358790376,1.0397431818110765,1.1081953853195574,1.1609966890879824,1.439877610993006,1.123816776137956,0.9226538989352007,1.782975936054724,0.9761565721158413,0.7863056813369581,0.9246314487373223,0.8611621661428556,0.31169645976728044,0.7854095050875951,0.8337832852489319,1.9514168331056612,1.2416539440533834,1.5033784072611558,0.38268276789756617,1.7421960435404462,0.9577297520747834,0.6701295678137325,0.7998411577063667,
0.7757924893595207,1.0415451039458403,1.227590799873178,0.7592024509406418,1.0563624453509584,1.618711362744445,0.7308579831783163,1.128657566584248,1.1099425838310282,0.8754968613547229,0.22621010154041354,1.4374342255890324,1.0608405917581765,1.0037055753871211,0.08764342874793596,1.7318610882695284,0.8143219472270928,0.640074191189392,0.7675958678360648,0.6745604461770811,1.1522224387853128,0.9704104837624916,1.6186489662429748,1.1981112819269026,1.340760814156887,0.8788899620670737,0.9817059572506187,0.9657930844686486,1.0460080460971808,0.6381091681113966,0.9093938194000439,1.1089643423529225,0.2305022717261751,1.0832296946808875,0.1746171544748497,0.9480526072219899,1.4063048999235959,0.9701286060364467,0.7155185132165484,0.8328455981028112,0.826336076988133,1.3998258868066702,1.0620119671117676,1.206227913953494,1.3168759566180055,1.4919802423784039,0.6101875967389173,0.56206227169048,1.4019600838218067,0.255194903667741,1.538316685584456,0.5343571879001873,0.6221983371322477,1.053612291561762,0.8325747023979455,1.5532213881856105,1.6826100523072252,0.41405008390205567,1.3833110831815383,0.17589747012877144,0.631422469331782,0.45034791332955426,1.3375462389279538,0.3331934371744545,1.2256691543797804,1.3351308026659994,1.482045100691769,1.026516742611173,0.48256303387432364,0.5517665534201296,0.9486969614570255,0.1316907325314164,1.2613943121192441,1.015895626258339,1.0759338354755168,
0.7489798990112608,0.3613645004688413,0.9229173192995537,0.6780419695136507,0.3500756137386626,0.28845855702094914,0.06940211461182799,1.1741566078153256,1.276016666789257,1.0095874215679546,1.0843405002877584,0.7191553242652712,0.24596294205355462,1.2050028888326114,1.7318610882695284,0.8625986192008877,1.5781276701886153,1.1796017514253445,0.7215227871184474,0.743102976452915,0.25835187058123077,0.8995260156661978,1.748593174474577,1.4878813982333594,0.2641371270869092,0.9297531441007515,0.6494439255020841,1.0463593232100825,1.400498641355071,1.1069864750169995,1.0966116622403186,1.006286160817281,0.8821699606420074,1.0127390236703584,0.4232903787719372,1.297187109765952,0.14135275740829223,0.8647897555569343,1.0041674216827428,0.47712047381492895,0.6409763793253548,1.5373980973995445,1.1479458397735773,1.0948442941667227,0.8294552389917736,0.4064859922541537,0.3738126198068066,1.3682280187676172,0.30011824613704874,0.8416588058193173,1.1021859495924795,1.6413259492613816,0.7818617385400175,0.6886253112356124,0.35446555452968065,0.8431756405329144,0.5222568329550451,1.1933345612380717,0.30833726290264285,1.0825258213559432,0.4270692105576259,0.977863911949054,1.4622113650387143,1.1678726563613657,1.0621952062411348,1.0467593740676544,1.3191747328565757,1.529781144601216,1.3055985851273564,1.1333033118551539,1.153774356759483,1.1384700884976915,0.4503844887602402,0.6612696418558691,1.097499927944909,
1.217068586321115,0.31507736231456607,0.9438846506227444,0.6855900197393336,1.567127070934976,0.8508560603646874,0.8781070569839352,0.778406893361354,1.5057916184598454,0.8786585872499925,1.287241850844847,0.9186543727792896,0.5813983941049848,1.406889729058086,0.8143219472270928,1.5781276701886153,0.14083532517696207,0.427212935250467,0.5902930439524928,1.2262007354323499,0.5793198386199296,1.0286654754680538,1.0828097243988395,1.0971193996031776,1.6615087975046559,1.301731619035324,1.1927340055792948,0.8536887849203938,1.1983831411714307,1.4608148388198545,1.1396305624716052,0.7745753154910406,0.8917631694948193,1.5059272833579849,0.37252072051471097,0.5141255289565986,0.3429711698597775,1.5222762177538125,1.006405777784825,1.2324725061174209,0.17999468408535813,0.8854794226322835,0.37042503931768433,1.1523675543968392,0.5237029181577867,0.2543041473617722,0.425221528235766,1.0717323056566403,1.043008430769973,1.077541856822982,1.0188894787012903,0.9258035590821988,1.263270227565175,1.1353897338180632,0.5413234265084529,1.1830210895498006,1.3154217835453714,1.0032861235175172,0.8705172383661609,0.5837615055222086,1.2837146762650669,0.6903019953240467,0.6642430817439229,0.3271854004669267,0.2884988147993438,0.5284982315121944,0.3488696064556207,1.0849669809176408,0.3683486567349591,0.6433627273086713,1.1753386403908648,1.2864730128042319,1.2935685634434506,0.7722497827817268,1.1681933543604295,
0.7572149888306325,0.47812174158265364,0.9036825808888377,0.9590301310654108,1.607672093811939,0.7788241903686566,0.4655366844685027,1.2277777535710588,0.9096577397753941,0.64341720151719,0.2536486630927989,0.8300504160558801,0.7781843213888223,0.7260299030013253,0.640074191189392,1.1796017514253445,0.427212935250467,0.2662324749624534,0.6914603056806956,1.0712547959281333,0.519739087372642,1.3505564505186314,0.49152353072082544,0.31273157769608706,0.5621604497162863,0.6381857995209991,1.3935354906261104,0.508973919847251,1.5758641058163934,0.7952619851674604,1.6095738951831118,1.32216068386527,0.6223524383032264,1.0059303358843414,0.7533556651833442,1.7528722832781471,0.26445366111295565,0.803048075979251,1.223492863625312,1.6827019308341118,1.4970980090061246,1.0358731570285018,0.24985162183213483,1.1371326811505185,1.214889953132663,0.7540296094342617,1.5025969340163086,1.6028628838049892,1.2892475030397832,1.9444774793634472,1.1746610365182422,0.9301128259719743,0.6060877082010598,0.9492777119438489,1.0379385646959405,0.8421315979154225,1.1397388919912816,1.05530439498783,0.39279609036016905,1.4389052038216712,1.7040378729498218,1.4770257363393497,0.6808291501580949,0.5737425195034,1.3118484958202474,1.28868857458471,0.4128862169649812,1.0174854640105493,1.1918631514056552,0.568457650086435,0.9786207178509924,1.2434661607802082,0.9330245176064039,0.9587862467311843,1.0861516007986798,
0.5289692498846438,1.0226026362176541,0.7515020757568309,0.8440049608693105,0.6780550962420323,0.1082384827909385,0.8246698742342814,0.27790685436317064,0.46489460417525075,1.0166069994293416,0.32453609646115145,1.2433191256675644,1.523717174746452,0.6360985527837457,0.7675958678360648,0.7215227871184474,0.5902930439524928,0.6914603056806956,0.8288278407107967,0.5783403223477367,0.7575220520492881,0.4576269623293998,0.5878791799962041,1.3208561510103158,0.8504772433964989,0.9799394929425018,0.6423920958669188,0.5085980789742465,1.4170077933078082,1.6574742078856306,0.38112579982448713,0.6500231048779193,1.4912206788277111,1.2319419227100976,1.6450687070472323,1.6509707618772715,1.1659262769446253,0.5609394584709442,0.12979785745534445,1.0724938010873977,0.6572212882345204,0.9362395841660458,1.9365702668977836,1.0685659363659026,1.3296238293570373,1.8021380510011742,0.5964825594073129,0.5495223619333802,1.135628960326011,0.17608620833333222,0.46504105274901086,1.7305151978223705,0.566024313838254,0.7055540715074257,1.5377566722461937,1.209324966643351,0.9798912685699244,1.2755235605521837,1.281676947473843,0.43180736736124836,1.5378728793302123,0.5040528030297351,0.6353524423800123,0.7246967765871386,0.8843459589454337,0.9517771972635692,1.650461074381842,0.9391381308268454,1.4151154493384464,1.068412738158842,1.4444209095097014,1.241923628337499,0.3931995231347405,0.8485128962054765,1.118981607432239,
0.8070132290293872,1.1824130712330887,1.8019749733692456,0.5315716593313524,0.6961514396476549,0.7378687343590945,1.6941442286497406,0.916982378460665,0.7753420186325126,1.1648541393097822,1.481206253495201,1.137011055054713,1.2637858438775034,0.8208137377424178,0.6745604461770811,0.743102976452915,1.2262007354323499,1.0712547959281333,0.5783403223477367,0.23304027392650362,1.5651318812391608,1.0176360902821697,0.9386282382418588,0.7025060236859522,0.658565756901293,0.9925098202287947,1.488882971188612,1.792996914467963,1.3628211661506913,0.6027180978294716,0.7864704781005339,0.919538073827615,1.1028171142888665,1.023400349410036,1.5287849563236464,1.0797903239957587,1.4806617846695136,0.6240835045712589,1.1534584267399812,1.3570203125029305,1.170366846492959,1.4483898059675355,1.2563016402350522,1.7065234045506923,0.8739739737710541,1.12481217837552,0.7174475383726925,1.3920952841008427,0.8484081293353832,1.2637667994995505,1.1210969780210884,0.0387882355921878,1.0352810410246915,0.4798857797560734,1.3147835113775526,0.5235260321945698,1.2782627261825188,0.8403367285307082,1.4870898867896236,1.5717547851542943,0.8490826326183453,0.8091267555523202,1.0785865444925358,0.9072834516510545,1.4813188572626461,0.5652537124941088,1.6839286439225334,0.9044209187383895,1.37760439172605,0.2732822929555393,1.3599704973106743,0.3803060079107007,0.824331425519571,0.7428139408228388,1.6465935620133152,
1.9286449367555671,1.2287869963780682,0.8742120940235178,1.5599186056406804,0.9211525085610506,1.2023335454130135,0.8476740742808634,0.8163421500392326,1.1472297348113236,1.4108828362875778,0.7111432227081614,0.7190162530351104,0.7108486878135815,0.423286622132908,1.1522224387853128,0.25835187058123077,0.5793198386199296,0.519739087372642,0.7575220520492881,1.5651318812391608,0.3169969399017962,0.7936081101067652,0.6863102299436364,0.8534147419708553,1.642918449016007,0.5181405049799905,0.733766641517529,0.36498968878618165,0.7106230471563009,0.9603395736985457,1.9083617850220163,1.7139302839536934,1.833368601572601,0.41722294857886355,0.8884153155513694,1.789445317838592,1.4947437213377186,1.5114502399258127,1.2296159378175746,0.5095756859125399,0.4776798006296602,1.3907867401290204,0.8847204289223235,1.430528222827564,1.4602468400505022,0.10682452073984638,1.0025964847316557,1.6086838079200398,1.8853785137444938,0.29171750285694,0.8504290712998268,0.9682366033027953,0.6954073548915279,0.9548281604138248,1.1510586186963623,0.3123873828492393,0.4421770304605652,0.3685548357514573,0.6512352706053809,0.8915135950755224,1.6482202654621432,0.7638948064143952,1.0961601975001058,1.4055940732889658,1.3364757482250775,0.8169394883022879,0.49122650074462826,1.0308834143825245,0.2806456204567962,0.7848338448068337,1.0097923077927047,0.9986752727318435,0.5248991461420659,1.0115940203279914,1.4164545619791769,
1.1059958638723248,0.5128598004847831,1.1364076016613316,1.120900782395461,0.7818473374898,0.8526362118028441,1.0479679274564737,0.22427515435407186,0.9752744243814364,1.1549794184704951,1.2118292301995415,1.4915302293101553,1.467530117309098,0.8612438817656256,0.9704104837624916,0.8995260156661978,1.0286654754680538,1.3505564505186314,0.4576269623293998,1.0176360902821697,0.7936081101067652,0.1182868237078083,1.1340113972614494,1.1954701502689409,0.929078968462777,1.0410096111244802,0.5822570438569585,1.3971699284920254,1.2448595166704812,1.0060243198862047,1.1846698791148227,1.0512293462126694,0.8514735157636218,1.3931326404179156,0.8292923652191745,1.1522607000021812,1.0046691838455462,1.1080758978324212,1.3619502832457444,1.2505581761544238,0.4601664299181796,1.1020186074623037,1.4925810538125157,0.7670944301425041,1.145598562873411,1.1213990016588382,0.9090289394919484,1.2604334085121345,1.3544792176298082,0.7810032177824854,1.1495165285567936,0.5905195099400709,1.045177580988439,0.4075937045107141,1.1231166175625495,1.5877327279073392,1.186272780718617,0.5165748482986187,1.25334408231403,0.6590141416790584,1.0437278971185977,1.1905673462917759,0.8607773281292866,1.4720925839505998,0.29266200461075687,0.5159933354856676,0.4320499270169441,0.8567554998897147,0.8478981672235808,0.499645452446863,0.6417828312543546,1.1085140004287468,0.8963680064548246,0.39168356892272227,0.6106460239403099,
1.7456185757569884,1.0538177682535155,0.8987043090919177,0.6986363610192812,0.7614546603238977,0.8952943676512651,1.0048376944929733,0.8540540838467937,0.5458603951559068,1.6874278413447907,0.9122465736424729,0.05217274699999863,1.7493477849494452,1.1802433829589003,1.6186489662429748,1.748593174474577,1.0828097243988395,0.49152353072082544,0.5878791799962041,0.9386282382418588,0.6863102299436364,1.1340113972614494,0.3884056558872555,0.812050775865854,1.6251179852262774,0.6602789354669586,1.1296353164653916,0.18042163181977677,0.2303642542676222,1.4159698089257897,1.1177115039514458,0.8464958675574724,1.2310089155832409,1.8020923333395245,0.809341929068814,0.42198609837017065,0.5066285441043797,1.7778781810661397,1.5791818540846774,0.24548367260531379,1.1898768905666517,0.7851976103401218,0.8131424587891645,0.894627025662244,0.6030077190069655,0.9819239405643044,0.9371496161384055,1.809764935186931,1.7804920475302946,1.627275049143113,1.3464667792861298,0.9233711237913143,1.0391348342341105,0.5123657747303034,0.8051656141239222,0.5299702350002738,1.2158869949749298,1.4073280989213597,1.1795540057246687,0.9457647377365915,1.0750271220615093,0.9551295768645451,1.3855842160986422,1.359031043533316,0.9470941736952123,0.8633204607111206,0.7670665898763858,1.3581922122279326,1.5462782723238273,1.7586879585188069,1.209691691462791,1.1308938761356329,0.6250837055828137,1.1065881227261705,1.273527030841011,
0.9840814446292957,1.0175584717760615,0.7204997153797559,1.2305689926092622,0.40034470146041334,0.5521679091746101,1.3236326928819269,1.1590568791936091,1.1590879071175753,0.8453564687340275,1.2148590587545658,0.923631906081488,0.9693890712518702,0.3572252375609434,1.1981112819269026,1.4878813982333594,1.0971193996031776,0.31273157769608706,1.3208561510103158,0.7025060236859522,0.8534147419708553,1.1954701502689409,0.812050775865854,0.056425397786248555,0.3237554707823037,0.7888799544843709,0.7941157161461672,1.661480990429431,1.0362323918746674,0.8196478600120691,1.0107897902465686,0.7806332913771555,0.35875504676272973,1.1359931872298117,0.9476219902025425,1.3029597115622678,0.9718505269285712,1.411907232229717,0.7251035315475167,0.5067416108912448,1.5365302740345206,0.42274233007550543,1.1295688274514388,1.5619346377959569,0.386999796069602,0.948011771063545,0.8695483204010224,0.7179273650229477,0.5537247008580206,0.7151087605721191,0.6981563812305236,1.4317818285933577,1.0430922980981905,1.373408503298672,0.8726085992658471,1.184655644698283,0.7334945168651333,1.6067927615923776,0.7113266701408834,1.755420479431808,0.7244418694177979,1.4943281071198307,1.3357123522222265,1.4393290915551937,1.434173443530817,1.0950258728099675,1.7400340250870425,0.7032216451706182,1.2141567939694295,1.154883204470214,0.9594036870678899,1.3689920974737526,0.9391861332500212,1.140371754224665,0.9344465042661604,
0.9175496172749957,0.09978021653037128,1.4489485866656624,0.4876670732562869,1.5185075802833443,1.3683581813237138,1.023098127611613,1.7447881808985097,0.8042878241146298,1.0681554002503253,0.7297747208770897,0.8103401576651157,1.8138602622306266,0.9762558937345013,1.340760814156887,0.2641371270869092,1.6615087975046559,0.5621604497162863,0.8504772433964989,0.658565756901293,1.642918449016007,0.929078968462777,1.6251179852262774,0.3237554707823037,0.910803804968686,1.5064055887443335,1.8774205960412744,0.9877925924401427,1.5475415948970253,1.4703318687977727,1.8607384216827147,1.45424486669549,0.08293424754980694,1.665517174232554,0.9936151954654637,1.1505018563342577,1.2834514854676518,1.011048339892168,0.48482688931620643,1.2011968631280772,1.2472692486217292,0.7517825496182672,1.2792821701015336,0.9482219623957623,1.077294753037549,0.24057172956288297,1.0120476428223184,0.4841819111424872,1.2229566046277598,0.555120793408036,1.2265733000695604,1.3081614166154458,1.4585331619891826,0.3668315647896512,0.5864197717706362,0.3602838729746026,1.3258319073420228,0.887158562402479,1.7956934063424708,1.278673780793984,0.8960888923182226,1.0350808954485629,1.3338330256170956,0.42459745902820767,1.0643218402201127,0.5563775991925275,1.4509237373711876,1.1372601921136891,1.3582276807497977,1.546913569737074,0.5014089995751613,0.18590929229541175,1.2533014372535067,0.9753647709342222,1.3224016567954284,
0.6609439861985823,0.7076635677236303,1.329785770549192,0.39652620567166086,0.2216432696140227,1.2924750856828195,0.9499118311610961,0.38885797143661005,1.0636027254857416,1.1560816546765205,0.03832296237293875,0.8702000651157881,0.527653229954353,1.2403901124769314,0.8788899620670737,0.9297531441007515,1.301731619035324,0.6381857995209991,0.9799394929425018,0.9925098202287947,0.5181405049799905,1.0410096111244802,0.6602789354669586,0.7888799544843709,1.5064055887443335,1.8807074946223983,0.8078239638267617,0.5562540379932341,0.867168097398845,0.7931266468910501,1.3872436041264429,1.7298797867659603,0.7544475639978496,0.8723408823389946,0.7406076411641354,1.2454441312401068,0.4594357201290278,1.2530613017661194,0.20655308429778418,1.4327218653623643,0.18036235292322844,1.0090196887013612,0.6885678842628591,1.8883638484596499,1.385653189817457,0.9950716578627506,1.0343986555191285,1.1178580386634545,0.9583100384994611,0.916565801027395,0.6493925673294878,1.527997892652012,1.5024582264542592,0.7977959200817126,1.131385644515365,1.3697895434136027,0.5106697610304134,0.6138369265921327,0.48642700793383364,0.7104255505614949,0.9946753107818165,1.337769560523992,0.9151287338714555,1.261800033576304,0.39368034789415507,1.091975072241222,1.1213457275338112,0.993414087335735,0.5243483641267968,1.7964135072334941,0.8284695121022045,0.5263012344900353,1.7029507494726437,1.0217697998287834,1.4109673018107132,
0.9083640046328422,0.6178973032065606,0.15535377907450842,1.2351568080711148,0.4975809823849675,0.6475977144709161,1.3485063208889811,0.8051561751876751,0.9776549329546561,0.449928226877764,0.8552341043426989,0.7169389104957488,1.3314243160369483,1.5624464012405639,0.9817059572506187,0.6494439255020841,1.1927340055792948,1.3935354906261104,0.6423920958669188,1.488882971188612,0.733766641517529,0.5822570438569585,1.1296353164653916,0.7941157161461672,1.8774205960412744,0.8078239638267617,1.5250274237246193,1.1492127383243345,0.8691145129124553,1.2731013539381726,1.6148544016995536,1.1654257614530437,1.5178699021346094,1.8353791422285486,0.8567224962677745,1.2246170678848904,1.5903589333021655,0.9875375311278808,1.3913378190945098,0.48328107436938883,1.5820796934710692,0.6008376236617279,1.455992566532768,1.5549367138402133,1.372603549040088,1.249384135294243,0.5203753535197971,1.0267078198308957,0.7727431213255734,1.4932304780915642,0.38634502626148626,1.3389414610536514,0.4031374699524414,0.8318882338704141,1.5413085138007512,1.577852529523684,0.25859976296338594,1.1678269930808511,1.4851049846146505,0.9632793719798058,0.24451755130230524,1.2713447701939948,0.7082782789174558,1.1235940194777605,0.805762717067047,1.0445827227454247,0.5136773752436544,0.7352348957013191,0.41462655711678587,1.2126640292760562,0.7253387246950818,1.315014494468406,1.22522488913599,0.8974453710325562,1.733241277860337,
0.8289860662353958,1.2490484294952453,0.4147422138517588,0.9866650365836338,1.0971488094183992,1.3252595959543993,1.8383804754331605,0.8567151950063195,0.8608047839144759,1.6368907200352767,1.1348035783448642,0.9572166998040981,0.2810782443926413,0.4059483555429475,0.9657930844686486,1.0463593232100825,0.8536887849203938,0.508973919847251,0.5085980789742465,1.792996914467963,0.36498968878618165,1.3971699284920254,0.18042163181977677,1.661480990429431,0.9877925924401427,0.5562540379932341,1.1492127383243345,1.4204153045762176,0.4035885714195464,1.222809615261904,0.7391382662860827,0.2419288740746951,0.9785809772041542,1.7234367710580314,0.7897542003345824,0.6498022628588266,1.8909426382610097,0.2914219342132933,1.2578876722598396,0.5170571596655538,0.156226345254858,1.3460675453225037,1.330279141379485,1.5491825444900122,1.0148303288238032,1.283776490243799,0.9287172164319164,1.193004361274347,1.5276181334210115,1.0814967527775605,1.2265656559470433,1.2318596538655182,1.117982252590038,1.3100420694509198,0.7629436523929709,0.6153681011573137,1.488698924121991,0.44332481438245164,1.2969509399538341,0.648243091123495,0.9476422171769422,0.9142279598373143,1.241104259996002,0.8739142151928521,1.0829179178367656,0.6049845850783528,0.465181501421694,1.7609267720278527,1.4718906993513865,0.9548614347507034,0.4692356796074121,0.9822835153732828,1.4730921583375567,1.3874195416868496,1.641441403353527,
