0.4113534771369618,1.1689577750626028,0.7373009929712784,0.8713051718081211,0.7706475815813412,0.5031267575098041,0.6294938175209884,0.8409151862578872,0.9036949365643756,0.6776492160565152,0.8866059537637122,0.6949824436457014,0.9163729901739758,1.6120595655296923,1.688040759796566,1.2661660699903656,0.9407702393144264,1.3586308419203013,1.7064312060866171,1.163270165564695,0.7099667510484984,1.2891169074804536,0.8852680492570403,1.4213736998122792,1.4473346451535507,0.7965423400598165,0.5868477415182304,0.5498300114793904,0.4116688177806255,1.165603094828373,0.9096703637760903,1.7175750544009567,0.2153068256829722,1.60375506462257,1.1765403291185135,0.6868833074926065,0.683394878856598,0.6459976677326302,0.18580303430843004,1.178930579638315,0.4912458532117826,0.7103595834668328,0.932237971824779,0.2678611269583755,1.646718408153062,0.9740884459193242,0.8972762294075174,0.4600449480140614,1.3712962159145385,1.1945233835604987,0.6706130171900632,1.1554069417740793,0.9914950767593688,1.3920687422480518,0.6144753458488045,0.32899460866964714,0.2520634349547578,1.7145685017199779,0.9598098144579543,1.2497781252049136,0.8651058880690039,0.3015326040339803,0.9026435964713718,0.3963701322291082,0.47693124672676446,0.7498111973909837,1.278146909789759,0.4410614093996016,0.9916497824376467,1.007861845014299,0.7146890102229037,1.5021706429842412,1.820624752954414,0.14589147264960867,1.3989847135376356,
1.1689577750626028,1.33432313852045,1.3327071801219934,0.8239612609490861,1.2883613287128934,0.48013256279900274,1.234303041815593,0.7141416451189454,0.21068043424030758,1.2592252009633893,0.6815752616001143,1.3998124542732737,0.9834259322857318,0.6063812892482572,0.7430584566495873,1.4577109064307856,0.9873571434053773,1.4154881321736776,0.9804837374413989,1.8669345834154725,0.6899913291794392,0.7762666365110692,1.9309259592746377,0.3025561311134599,0.6618584839453344,0.8131466030192066,0.9664989023405379,0.9394335944040457,0.755520059569698,1.8011211646859495,0.9102675793125198,1.1586368968383116,0.8307637014111418,1.4922340474691014,1.093475880580875,0.2965099621538726,1.0861948806975374,0.8782242124138518,0.8478518443895212,1.6226781573946483,1.7051955861066834,0.8960957315391768,1.366099619074098,0.9340525727005525,1.117976369336555,1.4095644427233234,0.4725872600776162,0.8050393866613579,1.5289711177292187,0.7354573647078333,1.1390675188866561,1.2702894654058183,0.7939244048678927,0.6723189075332389,0.8104601333456181,0.30606479109645035,0.2862368698245932,1.120783034913071,1.6238807867547083,0.576478195256858,1.1733102477628297,0.468066062093733,1.74308327774028,0.7628941686125524,0.6367813498082595,1.2740620004867664,1.3763727297465427,0.8614568026260044,0.9355832438852086,1.2252438524914853,1.3181503270133113,1.3346581440417493,0.5156962953447507,1.2929889941805268,0.23006146185802545,
0.7373009929712784,1.3327071801219934,0.9971412702747988,1.1247997212219878,0.7127882689686965,0.8630620722832405,0.8878092353238849,1.0650574553161478,0.5705226612836608,0.1286485928859049,0.971922131357531,1.3671323401383249,1.5808556257290725,1.1310639728283638,1.8147511902200684,1.4855254068212531,0.46787580811768437,1.0089081546696663,1.2801182236751005,0.512284332931314,1.8065401336810827,1.0503453913912195,0.4061676444209924,1.5954744938346432,0.6314974234100078,0.8907820012592366,1.4038649966547114,1.2937648518848022,1.9316619568074231,0.4681123436418294,1.6877383664344459,0.18305516002781175,1.2337486383765448,0.9518035134169379,0.911024543876886,0.9153238929368659,0.5861175786928468,0.8359094434100375,1.0130670283270136,0.5678897593504426,0.31308368905564865,1.4977539834805835,0.2780328746080618,0.517232740910788,1.3894856394496935,0.7881366294860539,1.1862900999657124,1.1881024900515478,1.6779345873255647,1.1374174786545679,1.3017857690202652,0.7209128999342764,0.9940456278827262,1.1787774448649642,0.8853034480147175,0.39945604283628866,0.9791910254246617,1.0626225888350675,0.503457376986394,0.3566621806277219,0.7616502022232684,0.9982068272429275,0.11539031686853196,0.9975573063928637,1.496356080287311,1.3851625894050752,0.5676747446688065,0.9238298287275427,1.2099121839248346,0.807220862422817,1.183987983290229,0.3958334704236456,1.0039099243522163,0.4662864168698717,0.6007169741918889,
0.8713051718081211,0.8239612609490861,1.1247997212219878,0.2523768516881568,1.6147603441417675,0.9459038009493531,0.526189924639632,0.7992527696671179,1.077384712258484,1.0859504590301645,1.5305785833360843,0.6686037802595616,1.0461094475999326,1.181023252890935,0.8668523423630876,1.1562554505593976,0.8007373722818275,0.7107635173420978,0.8369525748125081,0.6581558599433025,1.7596676984374087,1.8627183939064338,0.8983666016456447,0.7996775138628897,1.7554068066260486,0.9967627108365295,0.9570554840714928,1.080347338228287,0.5898266092171478,0.9344398781874603,0.9138830208955525,1.0333833594968118,1.559501555235974,1.2581927023777708,0.6196734150255963,1.2616327672095873,0.7401926213782145,1.3246827653244095,0.6986067302726711,1.1906300307524171,0.7721138078622359,0.9541591501773642,1.1839381230891242,1.8257552712494463,1.4002504900141584,0.771091722917935,0.9258217126538612,1.6645139891705645,1.7572624830585641,1.181620261613046,0.6896019150773912,0.793342653435566,1.1082083746696894,0.8764289430062311,0.9050209889989348,1.8231193580106657,0.45495581133906127,0.5108059479004384,1.0186924532601447,1.9888907430384288,0.5496056051689201,0.602734169505631,0.9630675401141542,1.346600584760121,0.9895586088271994,1.3587752226739678,1.0040605786626866,1.1566795798143041,0.717540434647004,1.4480121738052052,0.20938348690042985,1.6566985826254423,1.5924406630609798,0.18283424428406392,0.7562748640650357,
0.7706475815813412,1.2883613287128934,0.7127882689686965,1.6147603441417675,0.6656990548757507,1.436991889032491,1.3423734216296461,0.5546871069893038,1.511008829839396,1.0081182068096601,1.373749884310413,0.4548096012096986,0.4349240797968622,1.671985144965838,1.5584757025712788,1.7439430139830883,1.318195994845424,1.5723166761206038,1.8316639886769757,0.8911073397581661,1.10160647202131,0.8565190237831644,0.6906891431060012,0.7788189344367247,0.9507427625292483,0.5351354343721443,1.1008363454889887,0.4100122981133594,1.0636588272286833,0.39802727443485386,0.1997606179450394,0.7051429466477324,0.3808446546520724,1.2735806156309768,1.1674380425692479,1.2704167558025607,0.9916933429572715,1.2752703507188516,1.909640947381006,1.5254194833790633,1.4089398297447062,0.3865281916369081,1.1276018531036387,0.4867153063746411,1.0928689020241549,1.270435264636111,0.24277159037879037,0.6404339947238129,1.0061460786050884,0.6072230459238832,1.2611151584483564,0.9051071417332833,0.7458824466705971,1.6812699105995033,0.5894737078008433,0.2827836252726811,1.5777585268929248,1.7447422198565068,0.8914805172971688,1.3871280990612689,1.1874477513561543,0.8263428224417727,0.19572540731196164,0.5213717408337695,1.1756607714033072,0.8597268637509935,1.0312390997093344,0.9367790010637993,0.36839901552285714,1.241430671184176,1.0573290039259367,1.0820841252319828,0.7892353493445454,1.7785976978680451,1.3210727598979997,
0.5031267575098041,0.48013256279900274,0.8630620722832405,0.9459038009493531,1.436991889032491,1.6456162018147176,1.3084868628924333,1.74338409962935,0.5770541120594989,1.0006057556214076,1.03396878926756,1.6460868363040277,1.3346603076772103,1.4918359115528919,1.09194450394617,1.1292684748547464,0.9399358599200962,0.2219552229170202,1.024980306042019,1.807520703166964,0.834504465403004,0.5766025596774333,1.0287968689403746,0.9681861335210216,0.6496161029763255,1.4905004746891817,1.277842998313711,0.6138942942023022,0.9237876886209593,1.0007249480178815,1.1544423481163064,1.2855694835644158,0.8965444255807897,0.9341365854951879,1.1800961347274905,1.6500703511250663,1.6046516458732833,1.4865362033744094,0.8515771576579466,1.2787978862816298,1.0107927463956603,0.7727204909271818,0.6071119785224142,1.612407775393265,1.0543380658842905,1.1837270276127472,0.6926069512149509,0.6107837661191334,0.5451650598351011,1.053090115639098,1.4784799602441385,1.276213497842546,1.0436919203632797,0.49773702001430986,0.594783104994067,0.993207708456554,0.8773701602975402,1.3976764269540816,1.2038844841976961,0.1701184903757451,0.2550974024129463,0.6104140175936429,1.0733769960130817,1.0380586223996997,0.7234698303642882,1.0163174671593909,1.329286460809056,0.7342456792310328,0.6885542735934254,0.8737437602279445,1.0355812765630974,1.1280253590442078,1.4942356139290247,1.1048498039053807,1.3626872004943165,
0.6294938175209884,1.234303041815593,0.8878092353238849,0.526189924639632,1.3423734216296461,1.3084868628924333,0.5678407330214914,0.8035121710408714,0.7387672294209533,0.8985254145885527,1.0167892350770678,0.7939902582637797,0.8933531439619039,0.99214334836233,1.4314607504092733,1.1097914894478786,1.5201149519210866,0.9435707593132453,0.3300683927220286,1.576538395545649,1.2050071493141967,1.1997308873894135,1.272150699337637,1.4200030364454097,0.9139225982700991,0.9602301147465956,0.5632010941613286,0.43074302211385274,0.8053053280192481,0.3053292126765076,0.9783435375242421,1.3062787422589206,1.2155297697111496,1.2814042061368174,1.3470252910815317,0.27683665347477626,0.671148925212312,1.149153675921516,1.4016268129473661,0.9721806035845887,1.625552955746735,1.2645101054232133,0.6391693449086042,0.5026342575359741,1.649831061687081,0.7177445648357133,1.1279020039445482,0.4671667165509017,0.9019227964528993,1.3536871328179734,1.8804322114952852,1.7161172301216947,1.1486712815899427,0.8832936309099821,1.327348836211192,1.2375671045456618,0.4785037489412698,1.216325459392937,0.5790148805554617,1.474599876061643,0.4262698225417997,0.28158515011704033,1.1372050289725217,1.0541576076016896,1.1063607387315924,1.8617600429539567,1.068240010098195,0.5725065078285597,1.4866039199539536,0.3606805921563605,0.3493073755742465,0.9611743606127346,1.1489943548494994,0.4365220045218229,1.2929362049273871,
0.8409151862578872,0.7141416451189454,1.0650574553161478,0.7992527696671179,0.5546871069893038,1.74338409962935,0.8035121710408714,0.26521937427911557,0.8881318417403268,1.0850051864827455,1.540860608549485,0.31089474388158245,1.0022285359982044,1.2548078628051709,1.461412522688482,0.6298594426226527,0.9971959307241258,0.5089552526238605,0.3020510791036848,0.849009477461612,0.540970422874507,1.4487113942429715,0.8754861010499748,0.5101429105281915,1.4792562051659501,0.8679584114792738,1.1520494502667864,1.141638493448279,0.8156103468571794,1.023749462664492,0.9433328169641049,0.8851577754700641,1.2000360844054412,1.5418484675856607,0.7293891368541483,1.2644696622157594,1.0340579678102375,1.5288221811596028,1.5900824703255243,0.9959054652816219,1.4522319874449827,1.8132646640593757,0.9699389812291539,0.8462597956255089,0.8330603480303432,0.3285843523112374,0.7594477493512911,1.1346246479070003,1.1914186561723223,1.478284945088903,0.3424953932845495,1.0213634073530584,1.0217739222791342,0.9645255835087123,0.7672951848734174,1.246847373193067,1.0323063139568285,0.21792740754750006,0.545476241243488,0.3113362289034235,1.2569455670061274,1.476753297267173,1.1712065338749649,0.8193468377965577,1.1808865136327729,0.5885943197814344,0.6950395981676228,0.7555454332799021,1.2358014942476159,1.3047704428662903,0.3845002669979104,0.7636390644900964,1.0700389717604144,0.8679864926185297,0.46574216498646115,
0.9036949365643756,0.21068043424030758,0.5705226612836608,1.077384712258484,1.511008829839396,0.5770541120594989,0.7387672294209533,0.8881318417403268,1.2550101534439415,0.2089112193403445,1.1802124513823014,0.711246935179018,0.9782190620183191,1.122572178317248,0.411728238911935,1.0830557637251483,0.8802802154242896,0.370151560933099,0.30999669424862586,1.3561021795104438,1.642289733931753,1.4934699711598967,0.8080086355376893,0.37397668740841794,0.5068757162295726,1.085638660673183,1.239643095174801,0.9453085411110534,0.37470793976027317,1.5937512579892474,0.4381234051297418,1.2072636503319922,1.818215997271734,1.0621788746750749,1.1427310748556705,0.8089041875223671,0.4082095134266326,1.2797019720752663,1.8388541820714046,1.5976475876326601,0.31111787138894487,1.470936457155772,0.5136131476611726,0.556176856142373,0.7403538762486608,1.4821706297492097,1.7818172393233933,0.9891686398880003,0.51940360157749,0.1721136132821437,1.64390692052507,0.9154714583100578,1.5969726402052364,0.6799746717542212,1.355310912914336,0.9477040839977752,1.0808788046595252,0.6940588153438668,1.4078148239070547,1.240935629490163,0.425036747657599,0.7198484618020904,1.156304576712791,1.0991173243641301,0.3585153374429869,0.5563290746315176,1.61581281549178,0.6043727702628325,1.1227294422177603,0.9869183731942424,1.3312285202649479,1.8310584831813883,0.970768075487267,1.2212552122880047,0.5418346379928823,
0.6776492160565152,1.2592252009633893,0.1286485928859049,1.0859504590301645,1.0081182068096601,1.0006057556214076,0.8985254145885527,1.0850051864827455,0.2089112193403445,0.5935921104685729,1.31108873077376,1.0590100287310698,1.1651282471086253,0.6720407708149028,0.2525821243876386,1.409997387195053,0.4107419849982722,0.7012050812050912,0.1650162269365154,0.5609833753098749,0.4892130391137083,1.254148346923964,0.6693291522873641,0.5766100910705992,0.41539343863393685,0.731369255166053,1.3940027362681024,0.654294545972422,0.91830490044975,1.4264946471910136,0.5049565151201113,1.8487725878495715,1.4484344017235298,1.0080388010952577,0.9993692496415547,0.9611953973115773,1.1501056125832827,1.198404821242931,0.27568026536480605,0.9761483419678006,1.200781775552066,1.840843558682682,1.3832415342122721,0.49565744527647604,1.241368165139952,1.4725398208707225,0.7467748584365047,1.0410900449270706,0.7723333797555133,0.388967846584628,1.7591342099853065,1.1267718081616231,1.299982437812481,1.2023687610524227,0.9153965629158578,1.0519553609911871,0.18373185863581376,0.977048151747544,1.0874200891813741,0.8857447579859281,1.2368798476117224,0.9718142256641407,0.5679642813127611,0.46240425446904665,0.5602297247236923,1.5017846550958827,0.6469841372308909,0.8957856450646009,0.5496149292459266,1.5197597303049915,1.037025325491837,0.9769345482857503,1.8982346927837064,0.22423724939670842,0.9374931269358127,
0.8866059537637122,0.6815752616001143,0.971922131357531,1.5305785833360843,1.373749884310413,1.03396878926756,1.0167892350770678,1.540860608549485,1.1802124513823014,1.31108873077376,0.88488556693413,1.6354300178654744,1.637912483877082,0.8844821793999486,1.3608684513896225,1.1592003263578996,1.8040054014498712,0.7929073166895892,1.1276082051095067,1.1603225920337383,0.8237507565985217,0.35106881888172314,1.1869423350558024,1.3085811120821784,1.7404163048810346,1.2899699601917014,1.8238553492374179,1.2146753799024261,0.9180971491177105,0.4703933546289363,0.03150855643557415,0.4401142220873211,1.1485155991824254,1.4393659513263604,0.8359399243864851,0.8148746160141485,0.9659617145567345,0.7899674947816989,0.06386589119084196,0.6965944373465858,1.054061866159568,1.900337237671852,1.3405251374574647,1.7554105312249835,0.30611423632569046,1.0184274793560513,1.3520817354305708,0.8117379975057462,0.3595239703383617,1.579792150608421,0.4630475113427953,0.7294248427099624,0.6468787978831404,1.545875169992447,1.160961338948037,0.9942291620267771,0.9140503535398269,0.9035349405426085,1.2461764444438588,0.9181777816914245,0.8265828646305634,1.4043826973085112,0.6302275888819868,1.3560065454612615,0.39484191615065334,1.2864487974181402,1.12808888064655,1.0651838517247367,0.9423452285082784,1.1422845551253578,1.0861635401494318,0.9828977932778785,0.9069523215758065,0.760817407918608,0.5851721878559673,
0.6949824436457014,1.3998124542732737,1.3671323401383249,0.6686037802595616,0.4548096012096986,1.6460868363040277,0.7939902582637797,0.31089474388158245,0.711246935179018,1.0590100287310698,1.6354300178654744,0.2776308930289828,0.9157560551979499,1.1827947295186927,0.9464470185331331,0.7710864602150085,0.919221305990207,0.7311422708776554,1.5462076463214114,1.596475576390354,0.9952130925456812,1.779996863086712,0.8727096679714792,0.6630173192708009,1.1076486348190784,1.055428866354831,0.9354374107959738,1.3399416241977895,0.2418500398293707,1.1127804940054826,0.9884449920632783,1.5736683847668929,1.151794036719142,1.1728484382705489,0.38488138945460915,0.8360376757598351,0.5834651481362565,1.5200174194155451,0.6522900002088644,1.1799188400098317,0.5028246890551484,0.9660152854385583,0.7158561032438704,1.0185315647842004,1.548096771348496,1.3368241993667445,0.857529636763547,1.3331111641756332,1.2831829372166812,0.6244758347492583,1.2004538394041044,0.31569080525430837,0.8969730967406562,0.8621765259682497,0.5697744622157216,0.9941815062069148,1.4599189894929347,1.682347380977789,0.7941539956776246,0.8599991077551035,0.9825964391529625,1.823274922019857,0.5088654027908887,0.6327457179181868,0.9538513278876799,0.798292010209165,1.0654852507393815,0.45623590549231074,0.6327608399085131,1.88012463259887,1.8044756042371288,0.03475393866001386,1.0332169735415184,0.5890626243510545,0.6336700180879337,
0.9163729901739758,0.9834259322857318,1.5808556257290725,1.0461094475999326,0.4349240797968622,1.3346603076772103,0.8933531439619039,1.0022285359982044,0.9782190620183191,1.1651282471086253,1.637912483877082,0.9157560551979499,1.7452465907481391,1.1787998972936164,0.39252162641059163,0.5188631284331908,0.9119238363738507,1.1722826711688605,0.5452886841030483,0.3983973024805818,1.4564756466313935,1.2861238150317473,0.7659787089122402,1.6719167314253456,1.2585244634395423,0.9211552276283468,0.979654364689272,0.34663336782312404,0.804449560531891,1.468895549008964,1.2900459633244175,0.111078480446831,0.9421564526628811,1.3649291128871575,1.4798184220238113,0.7182592191539432,0.9352233566710494,1.7859133783393741,1.7319596362063945,1.6776214598130115,0.6243544374012824,1.2096286265518925,0.724741773816645,1.31713790116352,1.32809994706371,0.5127442566891341,1.2167471385691373,1.2569919505329925,0.9758180335008368,1.4917336461951982,1.0069043656177907,1.5852563237531778,1.3937676396532668,0.7886334320363847,1.7984950468055936,0.5956144414243453,1.1957524420231103,0.7216527406943037,0.6944663303207536,0.48755032424917033,1.2851682139886054,0.5191352169709751,0.20973106596878077,0.3164809140524011,0.49662983489811907,1.1691231993001523,0.524401235575417,1.693235832407482,1.781718784936506,1.6197240702508005,0.8015364328160042,0.7517003539090067,0.42149146303579565,1.169832026931119,0.7764529681753867,
1.6120595655296923,0.6063812892482572,1.1310639728283638,1.181023252890935,1.671985144965838,1.4918359115528919,0.99214334836233,1.2548078628051709,1.122572178317248,0.6720407708149028,0.8844821793999486,1.1827947295186927,1.1787998972936164,1.461264701218534,1.0245844650716014,0.8585833666912565,0.9105674714681806,1.2749587581440194,1.4272419648715613,0.5827177934300104,1.225045841245298,0.7294257152601632,0.9604149518756714,1.3498455432895196,1.2273761039151851,0.6389174274388607,1.1547217918800081,0.7974527694289018,1.25930262318403,1.1115805009225834,1.6637566410632973,1.5383285397915396,0.526396228985944,1.3767452216020186,0.43176419845912384,1.115279675556852,1.3390188069979487,1.4091318806547288,0.9136241498274095,0.9776758726421116,1.1508196736580651,1.1083254974559273,1.2810733451579235,1.4620292133590973,0.9141228598138353,1.6645347951481047,0.4923588531675739,1.372974182098506,1.2549284116793729,0.5012227225234717,1.1888881033917773,1.0697707732598292,1.648064261538177,1.1684465224383027,0.13134422402178214,0.39046540728067725,1.0927806893716796,1.535990729910345,1.2458103217257883,1.3028457095986448,0.3551848540717648,1.1889041145547357,1.1637518581512427,0.8112172377647755,0.3915674710499921,0.545971139639531,1.677778580442084,1.033648482788789,0.5040081331627094,1.1564642367528881,0.44106568042821903,1.721839121695472,1.022188474300241,1.4256444857324273,1.2171088021620688,
1.688040759796566,0.7430584566495873,1.8147511902200684,0.8668523423630876,1.5584757025712788,1.09194450394617,1.4314607504092733,1.461412522688482,0.411728238911935,0.2525821243876386,1.3608684513896225,0.9464470185331331,0.39252162641059163,1.0245844650716014,0.7704573969203137,1.7391692557316045,0.4775658079733026,0.3789149843962406,0.9857297370891419,1.2448391871903945,0.9968981104144675,0.9211260688936517,1.271178908070538,0.8622472559995943,0.8579608532204992,0.2192820171345936,0.7377127923321654,1.172801407921796,0.9804642893892823,0.8882640603172134,1.5513530162582392,0.8470648895940835,1.0196843029586242,1.150814894660698,1.9052652562558985,0.2543825162657395,0.6543591259478088,1.183271136480124,1.388886651737585,0.6098389407589483,0.8083580332970784,1.2453474221586451,0.6308877690309947,1.1545011354003445,1.729059451167827,0.8682396504755284,0.4931605946392511,1.0550190986373094,0.8901487013731408,0.8409874444850988,1.6450741728124676,1.5137066942509088,1.8485404354247819,1.113104397876865,0.2920344382409328,0.5059665665642076,1.0262542224605418,0.8115821021020094,1.562136778128411,1.47886402073049,1.2069966719982155,1.0673401756014467,0.9636984393832321,1.3352235921712716,0.7225953446672727,1.3127142577142838,0.9616730645517679,1.0405862946956637,1.0907426936235742,0.7308237564628808,0.5113261565301888,0.24788258465156654,0.7368422185012823,1.1049206881961942,1.542306401130112,
1.2661660699903656,1.4577109064307856,1.4855254068212531,1.1562554505593976,1.7439430139830883,1.1292684748547464,1.1097914894478786,0.6298594426226527,1.0830557637251483,1.409997387195053,1.1592003263578996,0.7710864602150085,0.5188631284331908,0.8585833666912565,1.7391692557316045,1.773935744908518,1.781077030760192,0.9193605257104327,1.110687715783469,1.0568170669667247,0.9434777305756976,1.0214577269375251,1.077303392209211,0.9543821759559091,1.3211613140286675,1.122529644229029,1.7461199637407967,1.2418497844322252,1.2659099417721327,1.01708187532325,0.951645500374859,0.23485113264547175,0.3555820431768302,0.6122189272792931,0.9828380630773516,0.6093977770729654,0.8480253860223028,0.8047048266270272,1.1745301717132568,1.2495948274344508,1.5980238335340071,0.7683498999590952,1.015094890916071,0.8862931787144949,1.073979266947346,1.2083087420379053,0.42706569013385265,1.8703405292162556,0.6746268508954913,0.42613867524208515,0.3066227763820073,1.3104234878036984,0.04607102902167304,1.3955341226220024,1.1186847755555418,1.3907736773156234,0.8272755019016917,0.25825573184473205,0.8783247734551428,0.5424196906002992,0.6099950181582827,0.5745177369445786,1.415341735805848,0.36770922296934583,0.37490130105441444,1.0422086783000681,0.7688683162450539,1.4412981529903695,0.5789899165267538,1.005761301315601,0.5177084059400141,1.457578983781628,1.2361547580712093,1.7218215295786223,1.6359044658282915,
0.9407702393144264,0.9873571434053773,0.46787580811768437,0.8007373722818275,1.318195994845424,0.9399358599200962,1.5201149519210866,0.9971959307241258,0.8802802154242896,0.4107419849982722,1.8040054014498712,0.919221305990207,0.9119238363738507,0.9105674714681806,0.4775658079733026,1.781077030760192,0.5527184668452632,1.34606861899676,0.6845327414099872,1.6590689295565322,1.4753739061596411,1.3850584388808467,0.4509698437619156,0.8993092111749351,0.9890504723558571,1.138208731067078,0.6234789434599857,0.6611441580448809,1.5836943544502666,1.440564736119189,0.27823466218083637,1.465980166901168,0.8158034715010462,0.34178731288691233,1.0320021180366412,1.1248449520393575,0.7526138806581697,0.8609107340150348,0.8452923521160038,1.439890525066896,1.0113046598490092,0.3506343100068581,1.5897881014806305,1.4579799050259001,1.0969888082066608,0.7577286309466106,0.6816845510184515,0.45586731861046237,0.35084737754793094,0.8375854881070006,1.4104135956749095,0.7072687478158437,1.5943302498447003,1.4436403241854265,1.1962704402307485,0.6624710484322336,1.293162328886222,0.5454818795343173,0.4819027509843651,0.5319078781931195,0.301440326789142,0.6560080705655834,0.6567468394182676,1.0194911820799801,0.778694900129288,1.4154889663408026,1.2776793281571792,0.9288533934802917,0.4668722678451547,0.8239828060297801,1.0189894459361841,0.525563571172156,0.9776874077388451,0.9056770588490539,0.6001058788604905,
1.3586308419203013,1.4154881321736776,1.0089081546696663,0.7107635173420978,1.5723166761206038,0.2219552229170202,0.9435707593132453,0.5089552526238605,0.370151560933099,0.7012050812050912,0.7929073166895892,0.7311422708776554,1.1722826711688605,1.2749587581440194,0.3789149843962406,0.9193605257104327,1.34606861899676,1.5965516076962236,0.6277820478438333,0.41083275068906977,1.2532851801724112,1.9825299806329033,1.8038417014872596,1.8348582013363326,0.767404292902211,1.296328317142219,0.892423663881751,0.6411996290667339,1.0408883766441963,1.0969467765880307,0.7395666204760899,0.6492626272554729,0.9712860304242654,1.0479190324326229,1.568135017250468,1.0965190320268037,0.9908549312238533,1.2555269227653487,1.5111601809294744,1.198203372518646,0.6592280828975279,0.9414775146806713,0.6706433948490315,0.9617595883209024,0.9993416074605034,1.051332280150338,1.2354004060638502,0.7574834773121829,1.7753782719699003,0.8344601220117304,0.6010073453040919,0.2812887699184048,0.46050584279348006,0.9865417824024685,0.45220404449603835,0.5715747826681198,1.7078678871402686,1.0081083774275097,1.62369756599342,0.9051710271364469,0.7233093168851997,1.244786468143362,1.2240376149437098,0.7046505337379944,1.0109805977878343,1.4870359583222679,1.2017919113038815,0.5571310275794528,1.167229381870282,1.70940877972486,0.8270450857628465,0.9655514230627935,1.635125967690434,0.694738145047742,0.948446394188654,
1.7064312060866171,0.9804837374413989,1.2801182236751005,0.8369525748125081,1.8316639886769757,1.024980306042019,0.3300683927220286,0.3020510791036848,0.30999669424862586,0.1650162269365154,1.1276082051095067,1.5462076463214114,0.5452886841030483,1.4272419648715613,0.9857297370891419,1.110687715783469,0.6845327414099872,0.6277820478438333,0.5315306673480236,0.40011101224781354,1.288398099688746,1.8526195571317,0.885403183636485,0.6840479668713363,0.7109199898966755,0.788920599894989,0.6449113145043324,1.587669637269168,0.7189271984032037,0.9807077238845191,0.7060029572878238,1.0358638466312589,0.4642988979226994,0.8242029974774611,0.6233799919247559,1.370352263053766,1.5560410893471568,0.5531583938347574,0.11192720022546154,0.7462198581604901,1.6747189246373866,1.0474986661957384,1.0231508030449339,0.520383400113709,0.8699110385600828,0.6951450949283049,0.7471710856534658,1.451788001082534,0.494611776190651,0.6200205935550381,1.1300408563120397,1.7161196598101047,0.9271075830558843,0.6012463881671107,0.7504018102979446,1.6513908443449146,1.310231202032364,1.6295752772399985,1.4668996665402183,0.2628425372320172,0.8044275609581927,0.4938436146734567,0.06555717064706512,0.7175392538160787,1.0729167734281486,1.625635065043889,1.8359883809184414,0.29047180093363933,1.4877213776268057,1.0075832499985005,1.4174496068576683,0.4378209692087558,1.1315373378065656,0.8726069654898269,0.5549817565064311,
1.163270165564695,1.8669345834154725,0.512284332931314,0.6581558599433025,0.8911073397581661,1.807520703166964,1.576538395545649,0.849009477461612,1.3561021795104438,0.5609833753098749,1.1603225920337383,1.596475576390354,0.3983973024805818,0.5827177934300104,1.2448391871903945,1.0568170669667247,1.6590689295565322,0.41083275068906977,0.40011101224781354,0.4107619435969825,0.4726234790921475,0.27793219821089943,0.49571310526395995,0.9126826036442841,0.5487523806682267,0.8642119762724041,0.22652242480314833,0.5773953202675385,0.7875153309731492,0.801543836052033,1.5341183082521053,1.5564732048573853,1.507796820379301,1.1280853591319642,0.9224227944618588,1.1082606381124538,0.7036827282235852,1.4906989264024282,1.292249579139885,0.469516432310775,1.1064880488559212,0.8459813200811314,0.6310333828196188,0.8998714748612453,1.6397150129124851,1.3527000899918413,1.3321198761432385,0.8682459683043751,1.7238440099846997,1.01262742355745,0.6247724572903355,1.4292840978102967,1.4609082008630017,0.7189753928660898,0.9967733937076756,0.5150504573883273,0.23160324503550067,0.43698423126690034,0.05668122137856313,1.0991700007136225,0.6433537256287114,1.642278180078774,0.9078783629294842,0.9092359491425432,0.8410233486325729,0.7125833278364501,0.2749082274903558,0.23189867281276544,0.8098846378832333,1.14405227774111,0.5629170208021177,1.1903119414271395,0.8876959463439212,0.9558163202594262,1.407750477647854,
0.7099667510484984,0.6899913291794392,1.8065401336810827,1.7596676984374087,1.10160647202131,0.834504465403004,1.2050071493141967,0.540970422874507,1.642289733931753,0.4892130391137083,0.8237507565985217,0.9952130925456812,1.4564756466313935,1.225045841245298,0.9968981104144675,0.9434777305756976,1.4753739061596411,1.2532851801724112,1.288398099688746,0.4726234790921475,1.0760707104710794,1.7617867792045228,1.3058357657465065,1.1598635828230177,1.2384198606143018,0.8347577779575881,1.152782189984195,1.0220478104827413,0.5314369930076569,0.9830960829948057,0.9834930806167228,1.6706028540858,0.8853913298556779,0.9502071726659965,0.32824056894552656,0.6262720421734717,1.6934967361356055,1.7839071917938023,1.061069960152416,1.1915669451223119,1.1284113154950859,1.403108762456894,0.7454566859755127,0.5011383548757743,1.1667093808510711,0.7666971582086343,1.3418189362194943,1.1382815108979925,1.3679207852108273,1.098389878293088,0.41623921348150417,1.0788591319104326,0.37946016564538,1.1513258064216796,1.017052300730068,0.4631727597185987,0.6273793438077413,0.9110620844032772,1.6926648216681408,1.8339150047984851,0.7578370983739574,0.7515799139622701,0.31677812104992786,0.7685266556020549,1.3214834618750468,0.4440177764155464,0.5964754903908668,0.12753001108969286,1.370680888211394,0.6477575546878659,1.5356638868448123,1.3330456144662899,0.95766302578197,0.7261384627613168,0.9745351462752254,
1.2891169074804536,0.7762666365110692,1.0503453913912195,1.8627183939064338,0.8565190237831644,0.5766025596774333,1.1997308873894135,1.4487113942429715,1.4934699711598967,1.254148346923964,0.35106881888172314,1.779996863086712,1.2861238150317473,0.7294257152601632,0.9211260688936517,1.0214577269375251,1.3850584388808467,1.9825299806329033,1.8526195571317,0.27793219821089943,1.7617867792045228,1.2526503886806104,0.7815838655403813,0.19111942762539802,0.8659772550763998,0.6722955448518678,1.688710079143151,0.6176555352863,0.7330295642026912,0.7488917177729343,1.5135389239750494,0.4052980972569229,0.6028193232583251,0.8428719226146005,1.1853981409787782,1.1259581672334735,0.23974884813233144,1.4831418495700683,0.30418031220581987,0.8015336301117736,0.7116532217522352,1.3414367957034696,0.3126851708327595,1.3845527777301117,1.4018376396959393,0.9951243774300678,1.1779453361655594,0.6694561564355921,0.8213139119945391,1.348556796265969,0.6006246623066964,1.3194539259473812,0.9047823624591516,0.9533909875076805,1.1604974698379769,1.268882359770515,0.24120092258056214,0.897629367379666,0.9205934062502218,1.016835108034943,0.4618818069292797,1.3520014557885216,0.14963185186398809,1.248148595552375,0.5670714152158888,0.8620241023729015,1.0871780353203109,1.7186079330598774,0.6949211299767023,0.9435329156554774,1.592472773465442,1.3843006971315703,0.5498326790927419,1.2037159811524285,1.543631929511578,
0.8852680492570403,1.9309259592746377,0.4061676444209924,0.8983666016456447,0.6906891431060012,1.0287968689403746,1.272150699337637,0.8754861010499748,0.8080086355376893,0.6693291522873641,1.1869423350558024,0.8727096679714792,0.7659787089122402,0.9604149518756714,1.271178908070538,1.077303392209211,0.4509698437619156,1.8038417014872596,0.885403183636485,0.49571310526395995,1.3058357657465065,0.7815838655403813,0.8171342169478095,1.3347955207416475,1.0655630790083421,1.0981507953046696,1.051566730068357,1.2571734113371824,0.9890665421145596,0.7616762118150849,1.7021539684143603,1.0667994458932317,1.3623792186948238,0.79141379685755,0.8102975144347546,0.22618305493151092,1.2733143340949629,1.5746175264765383,0.34610511348120576,1.0694561638569646,0.938674488747202,0.8403529001794087,1.633025416286552,1.722435674420018,1.7417444271299314,1.366614848724251,0.6702478833531853,0.7445298011543124,1.5976394905350912,0.4205630242075993,0.7508380195980178,1.532546950099801,1.678657400946227,1.5911950110234994,0.9824582249101138,0.6140248652493554,1.0754054230557886,0.5426062372735455,0.5897044362914541,0.86209037013217,1.399878520462381,1.3817310211680114,1.6309450837241313,1.425722322713957,1.1993667587157464,0.9334780219537986,0.9903832373653041,1.3900081435073761,0.43364519204526186,0.6935566373214255,1.4243241614987783,1.091259242930981,0.6292287247423595,1.76273939132865,1.178556342656988,
1.4213736998122792,0.3025561311134599,1.5954744938346432,0.7996775138628897,0.7788189344367247,0.9681861335210216,1.4200030364454097,0.5101429105281915,0.37397668740841794,0.5766100910705992,1.3085811120821784,0.6630173192708009,1.6719167314253456,1.3498455432895196,0.8622472559995943,0.9543821759559091,0.8993092111749351,1.8348582013363326,0.6840479668713363,0.9126826036442841,1.1598635828230177,0.19111942762539802,1.3347955207416475,0.06442618723355054,1.025990995917938,1.3624930027348747,0.785140632777737,0.9933341473213408,0.3779650339306946,1.0762564296159818,1.2316277565844054,1.875679474357863,1.077187944085301,0.9190041221895903,0.6399836888938838,0.6348829158411735,0.714630862123616,0.6670457118867013,0.7116008886166902,1.137605289501931,0.6187449462261024,0.6196818785989492,0.6095297794441661,1.2263068616619957,1.0753383191048869,0.5601616592344388,0.6992377494214321,1.2250813559399605,0.9787568663405136,1.649578219552653,0.24653764012524193,1.8341027604423363,1.3031566631000675,1.0851118285840018,0.5075586622358768,0.9861265100563745,0.26086635398404345,0.19676670047645006,0.8507771199429043,0.5095007059675127,1.1490987444709861,1.737371983667387,0.8038923396739028,0.6206186427823374,1.636674328722465,0.3387687041264871,1.0633047380810554,0.5169796238310137,1.253547656860793,1.3204161179678193,1.2212683376742763,1.1804552298517343,0.6233650331565632,1.0492325887956686,0.15416679592830462,
1.4473346451535507,0.6618584839453344,0.6314974234100078,1.7554068066260486,0.9507427625292483,0.6496161029763255,0.9139225982700991,1.4792562051659501,0.5068757162295726,0.41539343863393685,1.7404163048810346,1.1076486348190784,1.2585244634395423,1.2273761039151851,0.8579608532204992,1.3211613140286675,0.9890504723558571,0.767404292902211,0.7109199898966755,0.5487523806682267,1.2384198606143018,0.8659772550763998,1.0655630790083421,1.025990995917938,0.9997429178476291,0.9633388704994036,0.35686346460658946,1.9146947936424876,0.08369645501457224,0.8699084546794313,1.2499166147844127,1.0046768004456292,1.4483308864972315,1.434102394890398,1.6884353935241512,0.4130972535483046,0.8005103122354023,0.5846928162859861,0.940811018460088,1.0668153252506172,0.48292146101633504,0.9725281195506222,1.0469538325733585,1.8278276894049312,0.7291919692720278,1.178063551550998,0.6093642666253926,1.7033898985203604,0.8543889411503699,0.8004754763215902,1.0137014509165923,1.572843299286252,0.8554656277428166,1.0177144880825044,1.876986545985793,1.352601612334233,0.82676865666223,0.5879526706203724,1.603834353462036,0.8278757610962458,1.1846735159380137,1.0648889602508618,0.5672315175752628,0.9002814644505212,0.5669060159558202,1.4065005162817892,0.7968016107605344,0.14515671722351475,0.4159483797742147,0.9138600333042344,0.5878811864790413,0.9605293619284458,0.6118631931084954,1.0052421880574802,1.115625966850345,
0.7965423400598165,0.8131466030192066,0.8907820012592366,0.9967627108365295,0.5351354343721443,1.4905004746891817,0.9602301147465956,0.8679584114792738,1.085638660673183,0.731369255166053,1.2899699601917014,1.055428866354831,0.9211552276283468,0.6389174274388607,0.2192820171345936,1.122529644229029,1.138208731067078,1.296328317142219,0.788920599894989,0.8642119762724041,0.8347577779575881,0.6722955448518678,1.0981507953046696,1.3624930027348747,0.9633388704994036,1.7224383638747072,0.47399896685561094,0.7922744434256224,0.7239362769910043,0.7452283654023512,0.20238850082314808,0.15404625876848488,1.028503605230457,1.6453470166693331,1.5569684569916302,1.4285183946402207,0.9484297811224172,1.577703795220994,1.2012540992290672,1.2905683535523398,1.5696931930146314,0.8129480010961766,0.8312611870231948,1.253435503808488,1.221825065171374,0.4926471137384708,1.052980337946787,0.968896111802585,1.2797920511565288,0.876258482429685,1.2244590400176627,1.370074435182997,0.7442746529829865,0.8311651177436982,0.3321682219308052,0.6463729443345055,0.3634124523828576,0.38148327243495694,1.7158854186269257,0.8087319056921969,1.1610407236173348,0.9905741131632371,0.9687450262014953,1.5067688457480193,0.8091814498822919,1.1298993244695181,1.5933449716006445,1.2017323416804964,1.2329273361416229,0.38722033020709046,0.19531744066799783,1.1051694101517664,1.6466543099005604,1.197407044075859,1.1448322538970748,
0.5868477415182304,0.9664989023405379,1.4038649966547114,0.9570554840714928,1.1008363454889887,1.277842998313711,0.5632010941613286,1.1520494502667864,1.239643095174801,1.3940027362681024,1.8238553492374179,0.9354374107959738,0.979654364689272,1.1547217918800081,0.7377127923321654,1.7461199637407967,0.6234789434599857,0.892423663881751,0.6449113145043324,0.22652242480314833,1.152782189984195,1.688710079143151,1.051566730068357,0.785140632777737,0.35686346460658946,0.47399896685561094,0.7201746854669742,0.6954731145012343,1.4351606078607098,0.9105448685329619,0.9761364110770346,0.6518453870141417,1.155953839121723,1.0211461591485165,0.4340334193600608,1.1473553759378632,1.2858181027359625,1.6595235810442024,1.3096046346215837,0.4070176173948251,1.4045110276223545,1.9455436095681091,0.5015252404976627,1.8535882955071257,0.6803324287651458,0.8968736496273526,1.1755428940596098,1.2313476206937723,0.6391780212749599,1.3828551535151248,1.2180892798165517,0.5447618803735221,0.5805472744508343,0.7203105549898249,0.5445963656495114,0.5868513265010811,1.2046490618611285,0.5648233261559427,1.0918330982705675,1.7963798780901175,1.6584404252513063,0.9449351151161464,1.108831796643814,0.8757609653883441,0.9826574156841316,1.100173906408811,0.8985731825303951,0.601874882642892,1.0781237040096885,1.6583713839487553,1.0434707283567564,1.1187118358035943,0.2892324613194591,0.23168726359994263,1.8353392658762466,
0.5498300114793904,0.9394335944040457,1.2937648518848022,1.080347338228287,0.4100122981133594,0.6138942942023022,0.43074302211385274,1.141638493448279,0.9453085411110534,0.654294545972422,1.2146753799024261,1.3399416241977895,0.34663336782312404,0.7974527694289018,1.172801407921796,1.2418497844322252,0.6611441580448809,0.6411996290667339,1.587669637269168,0.5773953202675385,1.0220478104827413,0.6176555352863,1.2571734113371824,0.9933341473213408,1.9146947936424876,0.7922744434256224,0.6954731145012343,1.5383324310336777,1.6047956988433745,1.5496921633295262,1.0417913050694403,0.8845187658948045,1.3163029910287536,1.2813550431707341,0.7267897794103023,0.4684441723303009,0.922044447748981,0.9227272655507383,0.8567240336253742,0.3169112792519374,0.7174340138422192,1.3898808231779378,1.4313591652240831,1.9393175497217223,1.37722751706933,1.1888838815995715,0.2682078827892028,1.8372027569848315,1.0381561498345202,1.5857323487819779,0.6667581867518986,1.7802305436232075,1.2355334366819555,1.1530343827974185,1.8780267421118493,1.066752000090271,1.2745394225598692,1.168874171067258,0.6528825007872396,1.4588039653962628,0.6083869546063301,1.0372954755264718,0.7837425649472084,0.8113715904394049,1.4752831001992455,1.119748357045811,0.35738012840407807,1.0191842141286946,1.2655446897101879,1.0019505329218399,1.5361251216201306,1.2539995783221336,1.6001645662982487,0.7724570800343264,0.5495009613917134,
