0.6014968760826858,0.3632850185145645,1.3040824788483414,0.31545999955522797,1.074220926424065,1.6937270735063943,0.36530624040077886,1.2769139276052468,1.1208368234884127,1.0004756491623477,0.9533440363249586,0.37627746742310897,0.8313150221976213,1.2180161573547497,0.857074615414413,0.5921157198314891,1.4597541877711726,1.3012515217916796,1.5489614039687218,0.7460360980983168,1.7833124593083693,1.1072573904893932,1.2047556098047392,0.3903257234874503,1.0265293052168765,0.8201629756965358,0.9901009609311895,1.0708739241196354,0.8494883404061326,1.201388161618717,1.4449283144741605,0.812562680304661,1.0993426341204913,0.16484988899273578,1.450101873880472,1.0186837297942457,1.4783344408918553,1.6459540834712585,0.5917867006274138,1.49683399943056,1.329294020775285,0.5959402396632673,0.9163650979527301,1.0413583295105555,0.9223074038816544,1.2454151003593927,0.9253350144363156,0.8933947314648999,1.5681400140807369,0.751073112694892,1.4276611464451352,0.8732799989127726,0.992742943000098,1.2726365621076403,0.8395585321306517,1.4951972497497672,1.1040961656345,1.145358850098939,0.815335934682549,0.5968351345268742,1.1032502297565676,1.1396852574771636,1.084197674296419,1.162519846766684,1.5943749130367684,0.7075303678698234,1.2162723201995727,0.31444424311920094,1.3242395541942518,0.5403114281591922,1.3754617036464245,0.2631386952565825,1.542608095360532,0.7754701920916784,1.224551080211421,
0.3632850185145645,1.0431877991796503,1.1052505184203265,0.5616731470348313,1.099110321003807,0.12493537222145534,1.360994067252748,0.8400900889540615,1.1198929457461135,1.4113606638027623,1.0955787640763028,0.8143047524553605,0.3786109363033566,1.605772463007912,0.351640542316914,0.5789390326832072,0.11127299613842445,1.4117344906447062,1.7216991471535459,1.0256934577827703,1.1209317372733998,1.360670177015679,0.5457867658179014,1.3177368169111143,1.639813656793673,1.2449253399319016,0.29449298419905023,1.3496292665948038,0.8636179282229621,1.4305597517404802,0.7350572442019315,0.9196976993988563,0.18513099589086857,1.098936116150123,0.6826513205052008,1.0057029526558872,1.0812818096914232,1.7703602079052698,0.8236458604287037,1.3180080826339067,0.6395813620601271,1.4250840603736452,0.34253602705719155,1.6293732514890664,0.7760857262628081,0.5446124439279699,1.3681811108512263,0.9980760642697504,1.0288816832893017,0.4162810938987185,0.6398671188566988,1.1750354794902589,1.0273993482216923,0.5457418490237931,0.9855059134747445,0.6795627444756904,0.20788435654627213,0.5066216595409175,1.2456107170683999,1.0392020392151713,0.964203636211365,0.9723495624976365,1.3801805713361164,0.49386687870990786,0.422580585921006,0.3488477641455229,0.9170233896599053,1.301861553709359,0.9619778639803003,0.9701683938988646,1.860590084018631,1.1054042548011935,0.8524751026505014,0.9958716202011094,0.6938946052954517,
1.3040824788483414,1.1052505184203265,0.5416534290443773,1.3348229227278547,1.5398988260697037,0.5446236194046767,0.7258820529024611,1.0084326239817294,1.267201252726159,0.45375337921783676,1.2287274602933647,0.8334904196399414,1.4201892571071566,0.3807227529545123,0.7729405612183438,1.161545621630693,1.4694832949462409,0.713676232766911,0.4591578223379119,1.3142556758176938,0.5137116112802749,0.46773325556925194,0.31011889964054395,1.2178701877198854,0.8792016279592292,1.430381809313539,0.8767113662941121,0.8118138100111489,0.3713862067548662,0.9555022934251703,1.2412824322250957,1.1328169342022318,1.4519435190860723,1.4333448957492227,0.39272796797359966,0.9820911199194706,0.6638751963283747,0.4219029874571344,0.993531963831077,0.2272378781866714,0.7809923049186743,1.4066897444642175,1.0164987783759,1.3415200433048498,1.3563797044403454,0.5707949632234823,1.3981387846861961,0.8041692486086447,0.8819530362852575,1.0563752450392592,1.2135527954883933,1.4758913701417242,0.688230518561445,1.0841084825437055,1.3909804507241632,1.1463037425202942,1.0845098419273815,1.3311395167635327,1.7648630296076961,1.4093107303547823,1.2263256202423554,0.9623540274490615,1.0749035408353753,1.3443655865359925,0.905299067328624,0.7982558332030687,0.8720149643628095,0.6784579972253594,1.0197560695416956,0.9188381821961181,0.8173741798160056,1.3853069694421292,1.5714865663144422,1.1238108710414942,0.1344766854735744,
0.31545999955522797,0.5616731470348313,1.3348229227278547,1.1881088267135427,0.32775834614701493,1.1129105347904549,0.5939048513237865,1.357843779313383,0.3214008225079079,1.565535460585916,0.9392056750235293,1.0713249072300348,1.2957585904729065,0.7047226553923995,0.5001625994702895,0.7277141995134767,1.0242705290402858,0.9875396237921669,0.7790627672183288,1.4963127556882678,0.36424625930672105,0.7309289427855951,0.996886570004332,0.7198592654250391,0.6169652492739187,0.6056585917870022,1.3764397023130228,0.6261288044945877,1.2971242505082268,1.0810818058209115,0.7941003711534427,1.175252031766722,0.7403209574114408,1.7233049184402676,0.904129521372148,0.6451437881934614,1.712826330468193,1.2282561058812018,1.390840336120163,0.8446002324032374,0.34315911858864534,1.7875617979312444,1.5880353223292318,1.1072453774710347,0.4056197519263528,0.5884970534610797,0.8336900389804373,1.2470782735257355,0.017344029428787655,1.6224778410597178,0.18196066542037637,1.0976532816197468,0.7096984865250203,0.5303300106031125,1.0440312576457194,0.6438059144151671,0.8510282564408133,0.9973584047172938,1.3923095573434519,1.0487867415999186,0.9179905600358167,1.065475282849222,1.2727605088648386,0.8337602562277551,0.5047073576665412,0.45286258720820927,1.6974806465226817,1.2191964154890527,0.26621654326215627,0.805201259878741,0.5533640391812866,0.9137668591152089,1.1936033301076998,1.2066391222957142,1.0173967941503543,
1.074220926424065,1.099110321003807,1.5398988260697037,0.32775834614701493,0.6330409320441563,1.1828857985864103,0.6179690070234752,0.632265210988494,0.3591176809068073,0.4885392156762757,0.6582671609064777,0.15316563274703654,1.2742479729296718,1.0067338223014035,0.657567952994858,0.5619427218984068,0.98009101470942,0.7715370901282348,0.6427441104241516,0.35961696428858714,0.8033546841942538,1.6219408415733638,0.8480213494795085,1.3668128804307167,1.087308444306177,1.9035906741045818,0.2184716183333565,0.7528724039531507,0.6896272335215639,0.06065876012019544,0.3145872952760501,0.21141084238894037,1.8194461555741246,0.9431750117718131,1.6960061488565747,0.9279737492335105,0.9633755703635598,1.3530062636086027,1.0170286404122273,0.7373152204021735,1.3457338047481584,1.5017593384164645,0.44669821573936164,1.207535597125514,1.347551880318588,1.3660717594951823,0.9231290250516125,0.5171116914452213,0.8038579496240414,0.8219003864782846,0.6635373803968093,0.2467438543709446,1.0772045558557968,1.127141162223178,0.6213323440669681,1.1282074295212723,0.3580903266791037,1.6283718959214828,1.6639352491994472,0.7713907337271573,0.7687520655021193,1.1183364241883578,1.5180617360008046,1.2582185072264116,1.2108179151010048,0.9466429985973803,0.9309294793282835,1.0491942459859596,1.6057762360037344,0.40055803470803586,0.6013371013091029,0.49373180543270534,0.5638894399485348,1.172352301042649,1.109502586116505,
1.6937270735063943,0.12493537222145534,0.5446236194046767,1.1129105347904549,1.1828857985864103,1.1663723496682101,1.0341280163620739,1.4196313212646097,1.3953795127554374,0.0795854251407736,1.2972324852588564,1.5506273856922799,1.035704741055184,1.583656601201107,0.4382346649838256,0.04775931486563678,1.5576390285215704,1.3199512529545925,1.8434691610191516,1.0527110914465958,0.429294592008284,0.9864759852692307,0.6955377301962422,1.3351801164356392,0.5705928417516601,1.4652295756352136,1.0872405357072754,1.22295739704801,0.7593635482546331,0.9772113790535295,0.8510935956875841,0.6178217122700728,1.7450447076700724,0.5565508540554605,0.5440423610065397,1.1853058468274544,0.38128704604344277,1.7693842801012316,0.20725462927160554,0.6452771183883925,1.792394493804774,0.5888595172269403,1.1099056182640075,1.4145679718695128,1.1743202975056313,1.2374698450170563,1.5630165718219817,0.9990320113883135,1.405269075390353,0.9808117722076478,1.42670228951794,0.6157599213591294,1.139024293359539,0.7606454149840723,0.4171317697184569,1.77528647317668,1.740819603813083,1.1340189196777697,0.9977960733136179,0.9188274760005366,0.6301592185216304,1.0061882229994232,1.8097500012148833,0.9927327358205124,0.9185793393495582,1.008097905747992,0.32768663709131163,0.842054007913486,1.14530946561199,1.1734215617925643,0.8887863963472716,1.6435447582233627,1.4006193247406196,1.04967449730307,0.791123828029042,
0.36530624040077886,1.360994067252748,0.7258820529024611,0.5939048513237865,0.6179690070234752,1.0341280163620739,1.374100893928121,0.9503014760514383,1.2187746164038962,0.8993921989509418,0.6732254406118546,0.8926013627810686,1.2896285344255727,0.5446997970363843,0.7147172943119763,0.9026555952727435,0.7039782368276285,1.500639863660035,1.0765116101135692,1.212021051691713,1.613791220497978,0.5666567661835816,0.1518340216973182,1.3253119771827993,1.0881758288952232,0.6324656793984942,0.23014872468601433,1.0267285872767824,0.9679765978564778,1.5530320853833801,0.956610609180985,0.8882174489655154,1.5773525118895373,0.895109583131671,1.1954234819445344,1.0534583584939965,0.44334407806204024,0.3852116389446526,1.3629361271277434,1.731784062743336,1.1804428063680619,1.1131875525006016,0.9341872355773623,1.0221018420197654,0.8294163965156104,1.6155518058834892,0.6331314505696738,1.2439753231655812,0.2611441874790049,0.8494645288561371,1.2736531561249493,1.1084557352935271,0.9375024869851093,1.425902123928508,0.4374523579075189,0.5819273018315921,1.2713440943955634,1.3048696351885236,1.4021071722424971,1.029725414002714,0.8472720596728265,0.8980471664700778,0.5251144460128734,0.40418746870825517,1.0591083994648285,0.6886126932449609,0.34757462542958595,0.42367074783475633,0.9182499611186108,1.3164292702518394,1.2268594260976013,0.8906195955477034,0.8665725153226397,1.112455287787141,1.1690416799175058,
1.2769139276052468,0.8400900889540615,1.0084326239817294,1.357843779313383,0.632265210988494,1.4196313212646097,0.9503014760514383,0.8337906398665409,0.3882755331204354,1.7118553338665532,0.41932061658851927,1.405699766035824,0.8170592347686271,1.103348433981404,0.9991599939785125,1.0750571807969678,0.7980750445047415,1.019816243378783,1.2366909236997126,0.7881669893954505,0.5412457373901143,1.4491401702804936,1.5264382440080695,0.5703165346733019,1.944062982905776,0.6510477222438761,0.6629248722698244,0.6024462596476529,0.5924761153684185,0.7021327317112491,1.2307199299576896,0.5993809830653891,1.3122947444957669,1.3935138773284401,0.7042934825504608,0.9231401790786425,0.4891988416015136,1.0512671729808725,0.9102102983975151,1.4228461153106773,1.6417672989642498,0.9615192344556822,0.29047004247983765,1.3288154327078507,1.3156454106055069,1.6636381816966122,1.3879162990499516,1.2546039402916662,1.0717613794767293,0.60556600826856,0.6890465606483995,1.2472726359323678,0.9927799254079411,0.2871076744985154,1.3070943810576838,1.7062681777576632,1.5453443770661544,1.053653792733214,1.253475852212682,1.632799672456927,1.5828898737734793,0.4156908509056312,0.9887875893074107,1.2786700393709163,0.9053610039132252,0.2373638615666912,0.7569217295582868,0.7851974156494662,0.9915731235209613,0.7326939459562221,0.8652233266424472,0.8473204934055724,0.4758548644374938,1.059801834710438,0.7177382972144853,
1.1208368234884127,1.1198929457461135,1.267201252726159,0.3214008225079079,0.3591176809068073,1.3953795127554374,1.2187746164038962,0.3882755331204354,1.674166602710902,0.8917486787384881,0.9218368073569402,1.223235252527029,0.3338873096841718,0.48746430023481147,1.4010631714873778,0.9707662744091211,0.5757070647960337,0.7044748413792408,0.11356636832021749,1.4868892005444128,0.4293568615030521,0.9407152492473398,1.4471472457677543,0.8614973984718169,1.5584294937756957,0.9607862630409036,1.7402320170600256,0.9427774643839991,0.4246513152946221,1.4901062380989119,0.9834099909614874,1.0644814523318462,1.0641156138133328,0.2513622093145308,1.5919857112092903,0.4859955327875416,0.7211258972289185,0.8374388554137969,0.6450976612375002,0.7897586227891535,0.9529617816147018,0.6775086979082753,0.883925570171244,0.49216894979572823,1.2148721864209446,1.6247472302270913,0.26826301724634327,0.8100496572527144,0.8535600869822783,1.26131677210401,0.4932145931062569,0.8729928123336075,1.026101423119748,0.6782904921847555,0.8436376394262884,1.1230493023642443,1.3065751177458051,1.0284567877803386,1.2774913893572764,0.7350779925307671,0.47245120175789124,1.1023068236256033,1.2136751500570937,0.9318832963976413,0.8475545081267273,1.5013456481730851,0.9093339155047796,1.2665744233308658,1.6370703669704585,1.81108508070674,0.8422486189461447,1.4147643348873566,1.6311158539901713,0.8395457975887413,1.191931237725687,
1.0004756491623477,1.4113606638027623,0.45375337921783676,1.565535460585916,0.4885392156762757,0.0795854251407736,0.8993921989509418,1.7118553338665532,0.8917486787384881,1.679373323283701,0.5870573461344916,1.340010059485474,0.6444134159907693,0.8239017851374699,0.8871783463972083,1.286548022549729,0.8459157202862702,1.19056277802305,0.7942399849988443,0.3217916793544092,1.1944442101287809,0.35144377567429697,0.8832021191593461,1.2220849300706962,0.9454884197168179,0.5882050472342457,1.100604355008277,0.31592526122487863,0.580093582150949,1.2262714266812567,1.6599210184222215,0.8722810771863911,0.6013454814526427,1.4213362469508302,0.5930958502121924,0.43407860278628985,0.5774500407424623,1.0059489627145444,1.6619271574558085,0.8916396129430757,0.6921232764529129,0.8793797252140512,1.526653265609093,1.5448982257606434,0.8175283174926352,1.7155499500114098,0.7915170481615837,1.4118773901716877,0.8382445226802114,0.9869388809399091,1.4281788471279304,1.479091648499892,0.548976473005699,0.1109882014372996,0.9794551600300483,1.3851896887857582,0.881707587777534,1.1579737592191117,0.8268231467374357,1.3047757563755153,0.5170152496545753,1.2850702289391094,0.9380680488888911,1.2797822578429878,0.7664687218867839,0.9411837554529617,0.5642210032268659,0.6363573500771182,1.138744869135163,1.097686257600672,0.7422508568783038,1.1373593610398016,1.485869091925955,1.2345003101124068,1.462359915704417,
0.9533440363249586,1.0955787640763028,1.2287274602933647,0.9392056750235293,0.6582671609064777,1.2972324852588564,0.6732254406118546,0.41932061658851927,0.9218368073569402,0.5870573461344916,0.5190040886272744,1.0508742621670204,1.6062950937974725,0.5005719014021542,1.231390034933526,1.3468129471114567,1.5631586061925895,0.4354573317202757,1.2159289252820698,0.20216720136327992,1.1685029048649196,0.9827139351473496,0.5468364966056949,0.4444010526082598,0.5553720947880985,1.1443295137658493,0.7247267805428521,0.5345905173537433,0.42193093932615156,1.526628812733445,0.7920346378164521,1.2618636749760412,0.9308753366566154,1.2626105518799173,0.870933747668614,1.498961182152695,1.2955233482889879,1.1952330177392383,1.450670773975127,0.770384884080937,1.4405515675911835,1.2402746972592498,1.0967363536701953,1.2801940781716195,1.018553881106468,0.7414671240656807,1.2843914286129579,1.2902492311227762,0.9618499222843032,0.25530219692514544,1.4097380757955589,1.591728250324258,1.3777545935312494,1.0068315507445584,1.3723931898849573,0.6590007550273758,1.663748683644192,0.8520994338864772,1.9447937774932091,1.5835418864549822,1.0587316146845183,0.9995834307213973,0.3719575775020302,0.9705431025452581,1.4822971311508,0.6782311223282776,1.4939238484160038,0.8206273254718951,0.868963491561609,1.3573223202465043,0.6016237733117783,1.0405646767275252,0.7903420403412592,0.9368157553804454,0.7337353960975473,
0.37627746742310897,0.8143047524553605,0.8334904196399414,1.0713249072300348,0.15316563274703654,1.5506273856922799,0.8926013627810686,1.405699766035824,1.223235252527029,1.340010059485474,1.0508742621670204,1.8005335298102738,0.6501955446265797,0.9924540073775721,0.1270602011943347,1.099491869709829,1.1615128961559478,1.4462451390522477,0.9880733358736953,1.043724144443043,0.8441899425297693,0.9349074428745923,0.5805160293615257,0.7630959296083902,0.7052364787768817,1.241389192865395,0.9807998369759233,1.1471861526845073,0.8903856187297209,1.0899237137610966,0.7283137557661528,1.4657068870736472,1.0187320025017488,1.448031171693867,0.8721514934307102,0.8688164026116452,1.7227890140261972,1.7402375264513017,1.0263165325556096,0.42184273157416696,1.2568526197834933,1.4994650730454477,0.8332757939454078,1.1386129023848728,1.0360298722616625,0.9973365595164465,1.0893344062263037,0.6598691223839598,0.8167159020426823,1.2661126228479866,0.963920035100954,1.257206617932523,0.9644720247863876,0.9993515028074165,0.3333772000170484,0.3168744460595989,1.4822233704526027,0.8364505308110419,0.9838492031143861,0.6489414713383457,1.011096665096805,0.17828520722917385,1.3946995160930808,0.8145167430112897,0.47288025980351345,0.0892231766203101,0.8586281116312974,1.696356134888355,0.7452176543274832,1.4405797812581014,0.9052604186251605,1.3243949176941618,1.0260231497816572,1.1194955695377198,1.1760671002214007,
0.8313150221976213,0.3786109363033566,1.4201892571071566,1.2957585904729065,1.2742479729296718,1.035704741055184,1.2896285344255727,0.8170592347686271,0.3338873096841718,0.6444134159907693,1.6062950937974725,0.6501955446265797,1.515056011019154,0.07761700839728147,1.1937324182867834,0.6968205858353423,0.3330355060683695,1.2345173099674827,0.8026451694751844,1.2948587694292497,1.1507096313367582,1.2904890364441366,0.9303593786810239,1.392285104448145,1.6880593404833153,0.6746823542031638,0.9388994133545852,0.4187946527291322,0.9000889916812969,0.7498042459399029,1.4107749430683085,0.7146277709336,1.115810279494807,0.9808851036641426,0.5475192619529287,1.6505797990476307,0.8145304627174885,1.5304594021371654,0.8220218117274493,0.3762570904116138,1.873108200790853,0.9766370873912262,1.0784770954673326,1.5517333762298742,0.9161599109448879,1.3202779648664384,0.7457374369103053,0.26185448594095617,1.3185700380718737,0.49527208662127786,1.062345162787771,0.521813052782263,0.596198078952651,0.3464670318839086,1.1825474752666576,1.2953269198999637,0.7278490470285308,0.9396297181343514,1.6793726634994606,1.4724551176108904,0.33261767443240586,1.0930941364697322,1.6846939712767535,1.7199243851742527,1.2253348918082398,1.217901756062602,1.1442198989471954,0.9118742435266932,1.7407017282297779,1.000582631283864,1.4865476575468373,1.4620479513413431,1.3201491377735302,0.7574451075485215,1.0270450542172938,
1.2180161573547497,1.605772463007912,0.3807227529545123,0.7047226553923995,1.0067338223014035,1.583656601201107,0.5446997970363843,1.103348433981404,0.48746430023481147,0.8239017851374699,0.5005719014021542,0.9924540073775721,0.07761700839728147,0.8821737760875765,0.8253468798776497,0.508372527447333,1.05700896025534,1.5533988570770392,1.6603828844719908,0.5237914927679489,0.7093393768934245,0.733308063531059,0.990904152044769,1.2255212760675138,0.7709782267527224,1.0835250855751213,1.2946210124773243,0.5651000549310182,0.4396609386432683,0.4039128776179447,0.9765927139647628,1.3726893892711227,0.9609189661778099,1.37693758443795,1.2668446759834164,1.1694111751714753,0.7927295267783537,0.7916602209703565,1.4576472554431312,0.9981642686727057,1.6238566588769783,0.6915626026242006,1.6344668793675665,1.3895028845427286,0.3507032696105906,1.669447082624973,0.7449858632432274,0.45918951607335134,1.1310812197418363,1.746381012083513,1.0330227088206696,0.20641988664757882,1.0922704712374816,0.5405132818589589,1.3553117789702058,1.416804921004306,1.6353569232345064,1.7286313028687683,0.4850072341575983,0.3339816692422264,0.15329769303558982,0.6705384932873755,1.3683914976369023,0.32237553539168196,0.8332108112534109,1.079386796709721,0.8544397749794617,0.775802009350126,1.1950797020320922,0.8942730691393784,0.8388987741184638,1.4348693841703202,0.5146607214426295,1.6062330972780277,0.9158244724711557,
0.857074615414413,0.351640542316914,0.7729405612183438,0.5001625994702895,0.657567952994858,0.4382346649838256,0.7147172943119763,0.9991599939785125,1.4010631714873778,0.8871783463972083,1.231390034933526,0.1270602011943347,1.1937324182867834,0.8253468798776497,0.6331088659718453,1.5129514890956153,1.6219523608524598,0.7082573036834676,0.8954130714029893,0.48322668973335503,1.2396309744029672,1.377992356370302,0.831370748317428,0.6986909457012134,1.452606317750274,1.6995516851855257,1.2733324344035903,1.2817362427091499,0.18273337456665117,0.9680025972683126,1.212593488403658,1.7513316028124217,0.8439671041111491,0.8034002073651453,0.7255152586369287,0.34368416506113597,1.4997113969865135,1.9046009804929422,0.6424256913844725,1.7307000697894643,1.5976233403677813,1.1908988055689143,1.1350460517286636,0.9139531070599094,1.2737522288267011,1.1077057492129347,0.5945289704367236,1.0073457244532693,1.3527876012238242,0.9348560847084546,0.7214642137773682,1.3404025549892038,1.310880295265993,1.185580495907902,0.2572577007019695,0.7861903959143118,0.739923823728202,1.1584918652907372,0.7616018578885037,0.8112574534742083,0.3861428182349528,0.9498929506397747,0.8401393759076361,0.6757412733593606,0.9356276135800964,1.3965081906372494,1.3336353009817654,1.62223053699045,0.6661115088398161,0.5282624892183715,0.6484989295851663,0.25219570919883205,0.9017723850308795,1.5950315151215526,0.23089660381380095,
0.5921157198314891,0.5789390326832072,1.161545621630693,0.7277141995134767,0.5619427218984068,0.04775931486563678,0.9026555952727435,1.0750571807969678,0.9707662744091211,1.286548022549729,1.3468129471114567,1.099491869709829,0.6968205858353423,0.508372527447333,1.5129514890956153,0.12527926934631117,0.15178070770728658,1.5972009233777338,0.9972994059860367,0.9730728948045487,1.053366992405738,1.2407457192853375,0.5486180610423033,1.032396373487345,0.9422672085714184,1.1290397345695187,0.19509002918964646,0.07680949430794282,1.3481616215426377,0.6470247853031162,1.0662674527427727,1.1733955110182244,0.5853207240330411,0.784387959586469,0.5398979659600817,0.666689808055503,1.3633331174125018,0.5117929360125337,1.4613180582964835,1.3986512759313716,1.2265556653889895,0.44591191686350207,1.1701092928741765,1.0584496238524235,1.3562017625098615,1.0791456597781386,0.8034783265099312,0.8128687565256743,0.9214305266968885,1.0645157172894721,0.5766578837708078,1.2376961556401755,1.1495187904662685,1.425357541244829,0.6612315644115211,1.2500218124596358,0.42400629610554985,1.1649864255315154,1.4037884000074219,1.1115714238197736,0.7669643760402937,1.352086762898972,1.1018224742388991,1.6931860703739061,0.6962717072316605,0.35079602343357863,0.6793754689718714,0.308419037767124,0.7299534881487044,1.1532259153476572,0.08291339824504051,1.0019338980022918,1.252853356988802,1.3428062784843011,0.7285372872408338,
1.4597541877711726,0.11127299613842445,1.4694832949462409,1.0242705290402858,0.98009101470942,1.5576390285215704,0.7039782368276285,0.7980750445047415,0.5757070647960337,0.8459157202862702,1.5631586061925895,1.1615128961559478,0.3330355060683695,1.05700896025534,1.6219523608524598,0.15178070770728658,1.3286687823208672,1.2428914727073512,1.6096930987596982,1.6263385167056768,1.691444754248606,1.6302774945242604,1.3480149117032445,0.8231002482942983,1.44664988135163,1.2877683595960954,0.974043645313526,1.5160927279536054,1.8231937457861283,0.6925594911039628,0.8996063193602947,0.8126346400227694,1.5899377964806685,1.0366918849701856,0.3413483662601059,0.9829179098402716,0.9384972159003186,1.4202701880493305,1.689136759372758,1.8044700499417443,1.7282092478880018,1.6897542803735175,0.8923890098618309,1.620622261953352,0.12300424186385261,0.5428765611385189,0.1623361327427847,1.1586121354853525,1.3216715902679157,0.9849962584382962,0.7120381255971728,0.496506603723481,1.3879964484085594,1.045298689774916,0.9474792554720004,0.9245860722860735,0.9357487558351912,0.831431912477992,0.5044704168331103,0.5522903797275474,0.4533968642415779,1.2896373694763759,0.37133408087081743,0.7780891513465122,0.5656516038710686,1.10292898677569,1.2601910465723536,0.7918154792354452,1.1188313563901944,1.7568716024025068,0.41119334166273747,0.24999470927698464,1.0436383579658268,1.4127141227625377,0.22404167621761717,
1.3012515217916796,1.4117344906447062,0.713676232766911,0.9875396237921669,0.7715370901282348,1.3199512529545925,1.500639863660035,1.019816243378783,0.7044748413792408,1.19056277802305,0.4354573317202757,1.4462451390522477,1.2345173099674827,1.5533988570770392,0.7082573036834676,1.5972009233777338,1.2428914727073512,1.8745502437917119,1.8155523206674542,1.0201850723314736,1.3564151601161463,1.5650175992657314,1.7901343332327255,1.4083430226251008,0.5668721833723624,1.0190747673077027,0.1973920819355185,0.7696838979030582,1.184795146149746,1.338633877206091,1.7291639632355085,0.8160233489146257,1.2285873007809784,0.9627759253674991,0.2758174323109621,1.1902377427973647,0.17665900211720476,0.5467302001109872,0.22502178215069224,1.3394471550476128,1.14820760179477,0.9656259801177968,1.837841635298421,0.4926653638912101,1.415848350631311,0.4854142208909572,0.5195801844243926,0.3377069743073321,0.8831311605224892,1.1865140854363256,0.6682467873169634,0.6737888441898006,0.9346047151394103,1.0774555278512703,0.8667286177782617,1.2905948367728326,0.2616655016238433,1.3382975688249192,1.2400500564934012,0.9885038732862023,0.8565468364618288,0.9407987602644524,0.6943082498648548,1.228174822524777,0.7626549768984391,1.0433146554811303,1.9115110818397125,0.64131689478655,0.4293818677538285,0.33860458250418357,1.1971671151956853,0.6850380453288275,1.0649813271052149,1.4703394823849592,1.5870240643224272,
1.5489614039687218,1.7216991471535459,0.4591578223379119,0.7790627672183288,0.6427441104241516,1.8434691610191516,1.0765116101135692,1.2366909236997126,0.11356636832021749,0.7942399849988443,1.2159289252820698,0.9880733358736953,0.8026451694751844,1.6603828844719908,0.8954130714029893,0.9972994059860367,1.6096930987596982,1.8155523206674542,0.13543582140015809,1.4937212879785664,1.7117407348697085,1.1662487820227636,0.6364225952264443,0.7039545581473746,1.1460180898044263,1.1219097668302092,0.6957216532243571,0.7579072369655989,0.7912125739093602,0.848636923501364,1.3621045080318246,0.2192219437776921,0.5142529156622474,1.7461305609887467,1.806488939249442,0.6686971140753735,0.7800012898024555,1.0444762186055714,1.6988662508460446,0.5890197191124786,1.698048685345948,1.0274784458700805,1.3604853146814713,0.8372842923285515,0.8268650611436491,0.6576475048610773,0.5424557650252344,1.143077374229076,1.436745859954442,1.3848499481266394,1.2892441000964312,0.19685409237195983,0.7163143978986072,1.7590489981456217,0.18313283659264434,0.8986965906438918,1.379824340248394,0.3100009223258908,1.0056634405669422,0.8286656286244359,0.7726026663887696,1.0783212282461139,1.220025112917502,1.538913802087703,1.1125998543488005,0.2807153658217929,1.6186356986057509,1.3872482149470478,0.45162595848367015,1.6447804533530164,1.1367311276425973,1.39002495663199,0.9898488202176917,1.2224032473983404,1.2093208462341047,
0.7460360980983168,1.0256934577827703,1.3142556758176938,1.4963127556882678,0.35961696428858714,1.0527110914465958,1.212021051691713,0.7881669893954505,1.4868892005444128,0.3217916793544092,0.20216720136327992,1.043724144443043,1.2948587694292497,0.5237914927679489,0.48322668973335503,0.9730728948045487,1.6263385167056768,1.0201850723314736,1.4937212879785664,1.6405537306261422,1.5051785409998701,1.3179952519644917,1.3213700207274353,0.5605928334125719,1.339626728724499,0.6930049588676074,1.0961247417829552,0.9960306730250262,1.2359760494693692,0.9011665198298682,1.8496664622133383,0.7932803656472778,0.687764017039738,1.5801362359771702,1.8074898891520017,1.236364940850903,0.8705868972643275,1.2083207060411496,1.6665384137251504,0.8612824572242044,0.9239741225804775,1.5378459380657574,1.0660752956612873,0.7634649489243891,1.7860965308088206,1.4732215525556032,0.5235047596445263,0.4187483716775259,0.9317329282003126,0.6623125885133083,1.5877399927297184,0.8475184304366928,0.7828772446355745,0.6772255502143637,0.8341338146384244,0.6002945210160173,1.323424949430366,1.8607701091319933,1.072009080533066,1.4390706591100357,1.3871959928233086,0.8763930121481235,0.5697193677389525,1.7902251794365034,0.7895373947690535,1.3824301386975528,1.266140832380123,0.7057312726083623,0.4683305795710735,0.4877853164959547,1.5266385808518907,0.8954998024487147,1.1901027200065473,1.3501349392654292,1.2774074282781467,
1.7833124593083693,1.1209317372733998,0.5137116112802749,0.36424625930672105,0.8033546841942538,0.429294592008284,1.613791220497978,0.5412457373901143,0.4293568615030521,1.1944442101287809,1.1685029048649196,0.8441899425297693,1.1507096313367582,0.7093393768934245,1.2396309744029672,1.053366992405738,1.691444754248606,1.3564151601161463,1.7117407348697085,1.5051785409998701,1.7333006964474043,1.2649830118265002,1.3371002593317323,0.5358054348956877,0.6317464498729403,1.1484580939469313,1.2541025359586506,0.7522705346410807,1.0324835681793036,0.8867281336232751,1.2332788186326207,1.618229416690614,1.7609679353683703,1.7196973868873129,0.8934773856166256,1.3937156051238002,1.3566470464107203,0.4707199095181782,0.3716930422593152,1.3254089073383004,1.136183037895274,1.3617576315172344,1.0345346979989727,0.45372746659485363,0.2643746597681349,1.221608587273122,0.24707274551932623,0.5842515045114767,0.7480542713587314,0.6773697450078143,0.6922983624367289,0.6525445266030353,1.1346275506974903,1.2273900452418107,0.8973505637086361,0.9081655195560139,0.7275113355132811,1.1503457245888433,1.611909522617696,0.9123074356842413,0.6751752038651089,0.8456885200688309,1.4004001539460158,0.35447483856536666,1.5885392218135306,1.767501780340457,0.8890119240390948,1.5042049511964266,0.4157936058202554,1.0849762540616392,0.39941128155372596,1.2345847588501146,1.89390056667624,0.7267606176402985,0.35201151958730115,
1.1072573904893932,1.360670177015679,0.46773325556925194,0.7309289427855951,1.6219408415733638,0.9864759852692307,0.5666567661835816,1.4491401702804936,0.9407152492473398,0.35144377567429697,0.9827139351473496,0.9349074428745923,1.2904890364441366,0.733308063531059,1.377992356370302,1.2407457192853375,1.6302774945242604,1.5650175992657314,1.1662487820227636,1.3179952519644917,1.2649830118265002,1.3361861255471421,1.2117484640835379,0.24514097451704087,0.6034230045528447,1.1414046696741684,0.46828168580794216,0.22787555384607294,1.2378068306320515,0.5380064549519835,0.9793035408493971,0.7189909514692194,0.8465573788090153,0.2325214339053311,1.5544861458453714,1.9118717471037747,0.8251914531197007,0.47848246486136015,1.005400953072948,1.1181543641411364,1.518198911615914,0.5067472346568686,0.5629693567157591,1.0154000932944136,1.4964962307987881,1.2055606809718467,0.9509499255421717,0.561701051255408,0.7050368698930637,0.8716880286715346,1.3870519478097845,0.45470637792891144,1.0091247628613726,1.435417377454693,1.8368870779843225,0.9248981825839988,0.8136644980790861,0.749226729168071,0.6934705835775837,1.2508572874527242,0.7333471594184201,1.0998201106733054,1.1503775446714752,1.031467212392195,0.8983684872200755,0.702836276085276,0.9791497619805066,1.0820246871837185,1.0219968291377732,1.0711349421643743,0.9586445047627608,0.5149639740038735,1.1752162488728637,1.6225092349649883,0.7773918214092789,
1.2047556098047392,0.5457867658179014,0.31011889964054395,0.996886570004332,0.8480213494795085,0.6955377301962422,0.1518340216973182,1.5264382440080695,1.4471472457677543,0.8832021191593461,0.5468364966056949,0.5805160293615257,0.9303593786810239,0.990904152044769,0.831370748317428,0.5486180610423033,1.3480149117032445,1.7901343332327255,0.6364225952264443,1.3213700207274353,1.3371002593317323,1.2117484640835379,0.6989115411683875,1.7894352606242878,0.7985236407553242,1.527547600884568,0.698352731625699,0.5580854627490649,1.075706662383804,1.8738845805486424,1.36906436137633,1.2576871572281618,1.2750621445198749,0.28127029101170187,0.9919924316705251,0.36187718448840744,0.5835507632127839,0.5078907235351531,1.3411475912218729,0.8954881590967364,0.8603267305716411,0.9254653624149768,0.5152277128626127,1.6068219575284153,1.0676056415255657,0.6551761186542562,1.0615302159855702,0.5817539707629796,0.9826948167369891,1.0144222248121006,0.39271029834290794,0.2095112922708121,0.6250487582544579,1.732848994322746,1.0517624056224113,0.4990920153382761,0.6930795676692697,0.4012792484114165,1.3068132697086596,1.1345241641154025,1.6265468518635426,0.7003002720159769,0.8924892100181486,0.8302362938044383,1.3081246107950797,1.343211638093312,0.8387254531967198,1.2161406630890879,0.8786868159741341,0.2499113429556271,1.0945038940917586,0.6280937083175414,0.7485855796017317,1.439277325053453,1.4095402404290351,
0.3903257234874503,1.3177368169111143,1.2178701877198854,0.7198592654250391,1.3668128804307167,1.3351801164356392,1.3253119771827993,0.5703165346733019,0.8614973984718169,1.2220849300706962,0.4444010526082598,0.7630959296083902,1.392285104448145,1.2255212760675138,0.6986909457012134,1.032396373487345,0.8231002482942983,1.4083430226251008,0.7039545581473746,0.5605928334125719,0.5358054348956877,0.24514097451704087,1.7894352606242878,1.9204047338131858,1.6450544564563923,1.4630606485044149,1.6235189798676122,1.3367753340878623,1.4991600244444818,1.1323986430312507,0.8774991248285814,1.0122447367389626,1.1739724944257648,1.677029711539813,0.6062928118412814,0.8186974407642346,0.6778915023981986,1.3953784544008534,0.6762157408823102,1.7370700919214643,1.082740452429885,0.5199308573411047,1.2082801998637476,1.7782716917529489,1.6624661399024065,0.4798466640699349,1.4670758031422002,1.723492610549696,1.2316304169961434,1.1889713796308228,0.7580883480714298,0.3434983731005137,1.1423833796140537,0.526034599474211,1.2403147117704352,1.3004835515220594,0.5152525450612566,1.0017843466507685,1.009829092717084,0.7771455569097302,0.873621273762089,1.0173847520509418,0.5550595253810826,1.1149505531094857,1.593711165843,1.2253802080980765,0.5610158829617805,1.1633500463177504,1.203441331201442,1.2050569727055973,0.7406022910755445,0.7735224364701524,1.1423010343220668,0.9074824540122055,0.6756559814460646,
1.0265293052168765,1.639813656793673,0.8792016279592292,0.6169652492739187,1.087308444306177,0.5705928417516601,1.0881758288952232,1.944062982905776,1.5584294937756957,0.9454884197168179,0.5553720947880985,0.7052364787768817,1.6880593404833153,0.7709782267527224,1.452606317750274,0.9422672085714184,1.44664988135163,0.5668721833723624,1.1460180898044263,1.339626728724499,0.6317464498729403,0.6034230045528447,0.7985236407553242,1.6450544564563923,1.8945038174949294,1.0439069912492545,1.9204478609987663,0.5649157486949364,1.2483872797270967,1.084312951596861,0.7090998770902375,0.6840424076271275,1.8482552257433635,1.085934902869999,1.598152837452104,1.147488702095817,0.7442461551173303,0.9045770649881696,1.1277544275272247,1.405514855687093,1.2216664326808804,0.6794933828211872,1.1210300269548914,1.3038967505662213,1.5134660245494842,0.7911337463831816,0.6979659256264786,0.6590833784062529,1.2745860373325248,1.4450185873696026,1.2313188232490924,0.5965369508438996,1.5386405380736656,0.9806232563465228,0.32979571961229803,1.1970365666535705,0.38983331869052373,0.6352819182384519,1.8814850970461734,0.9955646755505629,1.491810498615827,1.2172630260027653,1.3783082947614154,0.8548389508997704,1.3355948600457548,1.1383322938442668,1.8261486773883275,0.5374129790845675,0.9006679380492665,1.3325343409985193,1.1531210274448034,1.671828338333704,0.3448673424932782,0.736933963834005,0.844048691986964,
0.8201629756965358,1.2449253399319016,1.430381809313539,0.6056585917870022,1.9035906741045818,1.4652295756352136,0.6324656793984942,0.6510477222438761,0.9607862630409036,0.5882050472342457,1.1443295137658493,1.241389192865395,0.6746823542031638,1.0835250855751213,1.6995516851855257,1.1290397345695187,1.2877683595960954,1.0190747673077027,1.1219097668302092,0.6930049588676074,1.1484580939469313,1.1414046696741684,1.527547600884568,1.4630606485044149,1.0439069912492545,0.8436242972430814,1.0931678803836187,1.0465042023681164,0.5628517289853914,0.840171194037467,1.017753643212406,1.7522260774850105,0.6986203571718391,1.5905407340360842,0.5955806951144524,1.2311011668490797,1.5901243069953428,1.2855485954198236,0.47489685263550363,1.0344370805421355,1.2405314564295162,0.9766863325590491,1.8091173727117498,0.9717269400239936,1.2743080265272195,1.0206230594534385,1.7816025603299133,0.8344535760906614,0.6765167597805474,1.2783302043143623,0.12200164482733278,0.2232730220927246,1.6111715528434527,0.6844691262654491,1.2173103203726274,1.66612234014715,0.2760114466310576,0.6268747242774156,0.5388339892822558,1.2449623068809599,0.8959297321771557,0.7804271357157221,1.4091112210829362,0.8266349329148033,1.3255205147093714,1.1065048752154856,1.148583638941746,0.7949702165712048,1.3697096280183771,1.3784629849370753,0.30675307503965066,0.6258554521870068,0.563859971076241,0.6546168239810315,0.9514152029677879,
0.9901009609311895,0.29449298419905023,0.8767113662941121,1.3764397023130228,0.2184716183333565,1.0872405357072754,0.23014872468601433,0.6629248722698244,1.7402320170600256,1.100604355008277,0.7247267805428521,0.9807998369759233,0.9388994133545852,1.2946210124773243,1.2733324344035903,0.19509002918964646,0.974043645313526,0.1973920819355185,0.6957216532243571,1.0961247417829552,1.2541025359586506,0.46828168580794216,0.698352731625699,1.6235189798676122,1.9204478609987663,1.0931678803836187,0.8876184072669824,0.9089933264579024,0.13697857540361313,1.4563970478184625,1.1249379404205064,1.0716321798041961,1.3233551102886172,0.46772489688118335,1.5626596234168058,1.01364376107534,0.06196033242250465,1.293421274811589,1.1685540343758176,1.0476897868793027,0.5295072066263478,1.0561865000226331,1.5350066027362308,0.6520534880237382,1.0891220987439865,0.5836138373629333,1.1329330536666977,1.3580399298966777,1.467404219630994,1.3680286291573174,1.0014204178142112,0.610257219329946,1.042165948611014,1.0697043243362034,1.4349222608523462,1.7195757178934292,0.5919578211775702,1.3119870700112808,1.5177167801523266,0.5541356329319468,0.48764404922898075,0.9577893490091668,0.34773472729779864,0.6886397870933345,1.1318984415672695,1.180208834368393,0.5124040018662133,0.5619206752880241,1.1704858538140637,1.2804480607417368,1.9049785932105623,0.9171824616800794,1.050014614448214,0.4333565220354054,0.7007793095517446,
1.0708739241196354,1.3496292665948038,0.8118138100111489,0.6261288044945877,0.7528724039531507,1.22295739704801,1.0267285872767824,0.6024462596476529,0.9427774643839991,0.31592526122487863,0.5345905173537433,1.1471861526845073,0.4187946527291322,0.5651000549310182,1.2817362427091499,0.07680949430794282,1.5160927279536054,0.7696838979030582,0.7579072369655989,0.9960306730250262,0.7522705346410807,0.22787555384607294,0.5580854627490649,1.3367753340878623,0.5649157486949364,1.0465042023681164,0.9089933264579024,1.6185143543212694,0.8131293022899894,1.2787749883324633,1.829791159719284,1.3244162255535525,1.3366247512465206,0.9307882492681426,1.4056699061471474,0.38251294402591984,0.7885892838642569,1.6001836166657941,0.807164519188374,1.1181187322287442,0.7435729509476587,1.3822036735360546,1.3432219520723383,1.6144992334336499,0.808738875703568,0.1822392388600217,0.8499521606682576,1.77095613517643,1.667977979882501,1.0633266346701502,0.6915393225174005,0.28543952580809195,1.598666575840633,0.5252111333120053,1.5559247805180814,0.8537626234172628,0.2654922555892918,0.9906837990776916,0.8687052661230726,1.136077781305674,0.5613657973213615,0.9776381144338571,1.4849255721518198,1.0836135159914326,1.4997234500437204,0.8418469260676725,1.3862975882774649,1.4170179782587822,0.8471059714294024,0.36681788649529834,1.5560794986102233,0.8619119122791923,1.0279113410780774,0.8528193378502303,0.9100456657644086,
