1.885732144914492,0.5574143032935545,1.0333619605802928,0.664751595140123,1.3797317790226733,1.4188554782006522,1.6493852424376132,0.3535687768309783,1.591455244317981,0.7267668654530881,0.4061078509271856,1.0919354179156548,1.1986267178288106,0.28706890920043837,0.9499563630551208,1.516086233956894,1.0513950497593356,0.8578340747427033,0.8865610984029482,0.9686794883224953,0.9926323747669286,1.257656526970465,0.9355425801644528,1.8854133269650635,0.9159722688253287,1.4220104288398314,0.7800659598003683,0.6200901051201974,1.2993543183092302,1.6569573054892113,0.4782521084868194,1.5217409305135032,0.6050422057085911,1.6920435537907008,0.7670469411558377,1.3819066780212321,0.5184391779628904,0.4136320537456467,1.0789325485509464,0.9550391813812333,1.6662179363411393,1.6173181207297223,0.906802184883844,0.9060297622527088,1.2347210001434743,1.6071863414463436,0.7462232432231247,1.5053049518003812,0.25985915834379114,1.0867125387171868,1.2541164763487411,1.442779298840355,0.36800753616091797,0.4750324825963834,0.5528088178306525,1.3172934470050555,1.0209396438541956,1.2319500590439922,0.8285747359557551,0.4635188460648074,0.6734094904219017,0.9949497734216499,0.6911343877519885,0.5904751687633351,0.8331992857064776,0.5721904574593091,0.5003042373668495,0.6069881096051449,0.6857115094558438,1.4473210995087187,1.546039268057818,0.4423208101234892,0.9878679832787419,1.3070291970406949,0.510719408176218,
0.5574143032935545,0.06819038259616361,0.6805013968704648,0.6689001201122186,0.7383667678535344,0.4553675181776029,1.0970117552910539,1.5572575288276882,1.0759228588929841,0.52922323639797,1.0433298067329262,1.4251514794534574,0.3577672171902816,0.8267962415387472,1.6392527931365597,0.6456914778444938,1.0104183428565316,0.6951449012872222,0.6081545088641684,0.7651011091472131,0.5113302032838937,0.9135111445374589,0.8845861216198281,1.1928965563619127,0.5520387323001698,1.7464145145222552,1.6799419526110142,1.010665928924665,0.9730955813953127,0.7600028243479632,0.3130373752361225,0.39073062735764597,0.6747832241376769,0.5443268194785278,1.5355380018475828,0.2308807991875833,0.9318751986591007,1.0844434831986207,0.8510523920299311,1.1087346742793391,1.598848211462482,1.676686919634177,0.5881745071472004,1.5642983844111114,0.7685897465106739,1.1927909919350423,0.8423866885957652,0.4611016939313356,0.8875013785766771,1.3271746926733266,1.5607923133699422,1.230459404739145,1.168537391741214,0.5008261220698249,0.6875442873900909,0.5539202952564063,1.0884294520932198,0.336459952802997,0.30139745817736263,1.2015121706790022,0.9563064525487521,0.32022313932955404,1.3449403507718347,0.5061904409217529,0.9035795406428331,1.5831329517205477,1.7913660043048774,1.8037089984852868,0.2647903980959556,0.5238702539756263,1.7712162413799755,1.1782722615589374,0.8063250468390963,1.402649879135069,0.26139655821999186,
1.0333619605802928,0.6805013968704648,0.6220400379159521,1.4229826468270215,0.8808070067744466,0.5340009470010486,0.6740024709288458,1.4430230684688912,1.1309242870436944,0.6591783002521056,0.9422320453477889,0.8155998521497122,1.3693451821269744,1.6694964418782923,1.1157966830600068,1.0409767223223316,0.9684595042865383,0.8924771858724533,0.999218161743399,1.0667280521248372,0.6202927940271333,1.725144421689496,0.6867034721451148,0.6851733713525672,0.15596272502665376,1.3115347838853126,0.6397130784873322,1.3193016458532583,0.611881802596061,0.9383630418233045,1.0580384124664945,1.51726729693396,1.1325840253357369,0.8168024396038535,0.7396280475648387,0.9438610273696936,1.3056023412514965,1.6456620764196317,0.8196513190796951,0.9269788966926814,0.9040067892128562,0.9485953607965243,0.9814956766290458,1.0823594959754468,0.926133421665981,1.4854939806571572,0.05120470774184227,1.1491987395190486,0.7804298926873005,0.2373478969448367,1.1620006925716293,0.04619478198129501,0.6184964182000161,0.49166220176855835,1.8840800353609488,0.7517654773846003,0.6399436904207555,1.2463703690165966,1.3768958812869097,1.1900903852094182,0.8909401627316088,1.0258224448826234,0.773627198179273,0.935077637883218,1.2346763412965056,0.819843230181364,1.716070847172618,1.0890449633728294,0.04236615979897784,1.0394870260500881,0.5709486879624808,1.0263848132088136,1.1846550906256748,0.15202857202976117,0.7731510086072751,
0.664751595140123,0.6689001201122186,1.4229826468270215,1.9270818773242573,1.0001458306752933,0.2751361415184176,1.286622123060253,0.5791484601631446,0.9457482033780319,0.023961592342687466,1.6254651590443845,1.2944264866722848,0.9425952854121167,1.0911842743297533,0.9216943168398428,0.7519325160253195,0.8298636018845438,0.41222624497632177,0.7204967700554081,0.9114907908123259,1.9182532676477693,1.153180383077244,0.9112400029717851,1.0312005471654264,1.0902185802784705,1.3480307961294404,0.5697882864039757,1.2490598372020476,1.2687122619570426,0.3764668103801635,0.6215123991159415,1.3611921245517253,0.6970794964890658,1.08434153339573,1.4403336188758629,0.7939104106700937,1.19846617807501,0.9828191384473475,0.423819902091644,0.8550911368021494,0.9318039466388549,0.8560842548258538,0.7963016627325817,0.7170654003235626,1.8121435063768643,0.5609386763023971,0.35307114274754936,1.3255601798515335,1.209811034628781,1.0602273849745067,0.6896263090675481,1.0182633541637713,1.6541410119946587,0.6223504305848027,1.0840605515345665,0.9919520519930932,0.5799313006125102,0.9538249052242667,1.8779597692561474,0.2074615697426162,1.4142260088670033,1.557104313551827,1.181855953465132,0.7667400912281641,1.1212598455719065,1.087820986934635,1.8649386789385165,1.063979888594842,0.7606973213336462,1.4747932372155146,1.3574081631272814,1.2723264615723306,1.4451895246995317,1.1175115931376083,1.188872445213613,
1.3797317790226733,0.7383667678535344,0.8808070067744466,1.0001458306752933,1.1255961282356506,1.7683531891221322,1.1091729778493067,0.694747245841485,0.493439810759153,1.8453259019896042,0.34234148910865725,0.5494217495581445,0.38878622301312127,1.0936276202596806,0.377686539384823,0.5932624422861507,0.9335833694241474,0.707876062159095,1.1614692083966567,0.8801439938638903,1.3122212871862202,1.311743477453552,1.0608247737155816,0.15801968812169676,1.4501848316038597,0.2140696487289938,0.8370306078792105,1.2449140879632583,1.3768470567580615,0.8580255266380511,0.7294369592981521,0.6892617205780847,0.2639315356423182,0.8996687584590326,0.6208941089983555,1.33125819597969,0.2966871274145795,0.41351729476350674,1.2485191104248545,1.2472351146003504,1.1219285524703846,1.2003919713112117,0.6166279044986379,0.681300512576787,1.043433064907299,1.421134495265954,0.396879722651736,0.42101236277817766,1.0950802324099955,0.6323419530452615,1.06365945006439,0.6313378365925679,1.0807640093166389,0.7590942679721855,1.1672609823671278,1.599892771496814,0.9653104025240464,0.4581298707555306,1.4336976274010156,0.40003678637915663,0.5328184806665086,0.2928218045351453,0.698589075509278,0.871296129769426,1.240546214043621,0.9741818656400202,1.0603765041613027,0.22468824173598256,1.3034591617551412,1.193942508334244,1.5964881241347948,0.9596690614138629,1.5516573377542062,0.8793020072600121,1.3198227765674115,
1.4188554782006522,0.4553675181776029,0.5340009470010486,0.2751361415184176,1.7683531891221322,0.25100687151268475,0.37008078340620354,0.7681985249532428,1.4194494680867553,0.7112726560263564,0.6708165176611187,1.7221390145745779,1.4376082143429971,1.3803836955323385,0.8536707046368732,1.0531728843439647,0.07116847732453269,0.41138146967000333,0.17054360554616788,1.6300854210392244,0.30923032039122633,0.6835432424271723,0.9090479369263411,1.1833882519905838,1.2458622293223809,0.7488964498109726,1.024156651124923,1.1134020987443791,1.3023990987933705,0.6081139046826891,1.1436866226940796,0.7293141137068759,0.40755116424353555,0.8829146647734155,0.9347221007443511,0.9051273179626521,0.830460213341617,0.3118837048138089,0.7349242188637339,0.7895168296623936,0.5346054442519451,1.26971716772629,1.3533813871908398,0.7538191956889663,0.41859028050513847,1.2789181407113102,0.9473957609279448,0.733317877457915,0.40307535681569084,0.9566320017878763,1.3519483011426976,1.2117802165996845,1.0089283968864486,1.60344877972403,0.5720845155444613,0.43999484495385455,0.7924413239965983,1.2570609064320992,1.2876143891037777,0.9945369850220207,1.3701556743031478,1.6717348985913953,0.4381764982484512,1.406600173493264,0.9874733530085835,0.3925968478722748,0.8458465175064662,1.6891659749952557,0.951297808165964,1.0897534898516765,1.239127883959027,1.037265832649704,1.164829978118416,1.0910613941992762,0.611536028939465,
1.6493852424376132,1.0970117552910539,0.6740024709288458,1.286622123060253,1.1091729778493067,0.37008078340620354,1.249145622229024,0.9882010962831707,0.9503509202346674,1.6056870256999773,0.18307830408460568,0.81030765302394,0.7393404725240575,0.411183097247959,1.196946069752769,1.4106351474875227,0.2989207074056741,0.6798718201235088,0.6439955815049576,1.6899214526992028,0.8739042658472413,0.9262635876590701,0.7961692611442117,0.20518131253619976,0.9957608230799125,0.6078567793346912,1.1434329824936968,0.9666145163855758,0.9007485691760078,0.9389260743196143,0.9709056884143558,1.1153199273471959,1.3313260869463037,0.9724200141197281,1.908898813217367,1.468371158407498,0.4806351077296265,0.8427811997613277,0.9747283467754281,1.2192075726858262,0.3647117221260129,1.570144827751169,0.8453625045587901,0.9574571259770301,1.2782201699060018,1.1446843749582687,1.5227693351827667,1.006048326795246,1.5381353873350356,1.851978519750971,0.8597714268337747,0.5903628556244468,0.9324411218859271,1.3745343870146722,1.224064858182016,0.9860317488373186,0.8036114183917715,0.9978371533437028,1.2043090707745252,0.9541571662182335,1.112893138997543,1.5955372836470123,0.6387699646995252,1.4855549256532699,1.5144145569395724,0.9191555285615665,0.9232850412097918,0.8272587746390593,0.249432110701306,0.9637989833907157,1.5941150790790362,1.4016580127131046,0.5802831082046593,1.3170813541570707,1.2131764930014899,
0.3535687768309783,1.5572575288276882,1.4430230684688912,0.5791484601631446,0.694747245841485,0.7681985249532428,0.9882010962831707,0.45291930536720426,1.2387227701474832,0.9349177077757482,1.5836595049315447,1.3895217995156277,0.5522840761356883,0.5111583714865382,0.3801653242114583,0.6688077640850345,1.2297474470235086,1.204162707297141,1.596130550583578,1.5545830429240226,1.1451730488803742,1.2835530787201097,1.0749430502287822,0.8656152431014139,1.0107530060656251,0.9904412847537324,0.5908494853838133,1.3458256270913433,1.0054301303270066,1.6558569701569081,1.0914425408887507,0.7668413244019239,0.5393637020301545,0.3546779038716279,0.23213001015882173,1.0502421490439544,0.44456750525970334,0.3829430817255398,1.1283383535535445,0.16988520232012827,1.0989663044335003,0.9585043172878575,1.225368654009696,0.9244996608870357,1.3701583299578888,1.7135497382143718,1.244951708262871,0.5015419282840433,1.022002274223429,0.8012434078656725,0.9431627765031525,1.0274267816634826,0.8668233435588859,1.1257424353490886,1.6050100128000844,0.7211009889106679,0.6304722786712962,1.383809286266363,0.9606824617437011,1.0551324815406566,0.7508801925540882,0.25748114049991633,0.2577098155265467,1.1521845309726224,0.5015333831376786,0.8336130054054517,0.6396517470668902,0.4191264075148181,1.0998623050302698,1.8748671276481583,1.1778001632852733,0.4510564354868961,1.8664506534443923,0.6686122232805622,1.2809554067931024,
1.591455244317981,1.0759228588929841,1.1309242870436944,0.9457482033780319,0.493439810759153,1.4194494680867553,0.9503509202346674,1.2387227701474832,0.3147334469462473,1.0769052610940892,1.1119805412243977,1.885210699842239,0.9074873038279241,1.3431454761748063,1.5295087888952692,1.0603820746932675,0.7460137004201266,1.6642618182508828,0.82416505813539,1.225572585933132,1.1548131316131038,1.1118605877517886,1.1029730517232448,0.17363627651339908,1.0311244158048103,1.2410185800775282,0.5999549538751792,1.2889053111052768,1.5505819964539382,0.1213791835575343,0.6214798932538318,1.4591917324297095,1.797705698070314,1.6707552897203692,0.2785901776540519,0.9010668778349232,0.5910267602646956,0.8046979406388911,1.3590991588923855,1.5915413513423362,0.178942139366713,1.0683377250912347,1.4887723949588179,0.5789774095265146,1.4960027024289926,0.8473990796625674,0.9766531473753898,0.867044339094618,0.9620924549607406,1.4803759893190178,1.284093850968458,1.2697699508553695,1.3067202837993057,1.5386384445388024,0.8241716438821367,1.4826574025875987,1.6434723442120012,1.0132732673765124,1.3901893510466667,1.2039757724421416,1.4403635409852353,0.8957094618089438,1.644329743003603,1.3484144790366415,1.504935267200194,1.03356761585885,1.257328470269726,1.2340012022036548,0.6366778640138431,1.4155473925684627,1.3305085682622964,1.205047556118501,1.1237309605799868,1.4149488431379977,1.3008485079209406,
0.7267668654530881,0.52922323639797,0.6591783002521056,0.023961592342687466,1.8453259019896042,0.7112726560263564,1.6056870256999773,0.9349177077757482,1.0769052610940892,1.6217526986921391,0.8308749604080795,0.8822760873011078,1.5001425801025143,0.644124861405808,1.0620603714104582,0.6073622955693014,1.210484931670642,1.800749749668582,1.4368626286521713,0.6050041496285089,0.9668573246041993,1.1487941856094641,1.7870181666095197,0.6472947523490403,0.36839277049727226,0.36523203504759094,1.1226919133320923,1.4287574210859293,0.6411414189725302,1.245413779605187,0.7834812413559239,1.0417341469589987,1.1748309984579963,1.295866682618491,0.8520523165771902,1.5746114767793906,0.9044860162304001,1.1025440919767293,1.1157528246421204,1.0003665295328994,1.073008860746231,0.7204965979375423,1.7338606304666142,0.6177192882624085,1.3462710030229468,0.768817007200512,1.4335467204679682,1.8683471156333735,1.1641346855210462,0.7937673242553644,0.7693038009850599,0.6905653383885685,0.9677580046548512,0.7088996699724924,1.2754535332000334,1.5705822693970009,1.411366052526477,0.9933055297300455,1.0351687334217998,1.281850745141013,0.7089613369835169,0.7353215744083763,0.9584616223483907,0.6336363191712407,0.6601479405921287,0.41919100021082456,0.44456353308674046,1.4976639561785206,1.3139550343102928,1.2451816806942557,1.1607018461664693,0.6611338752405258,1.023716121045212,0.38009634074451426,0.5931977735441778,
0.4061078509271856,1.0433298067329262,0.9422320453477889,1.6254651590443845,0.34234148910865725,0.6708165176611187,0.18307830408460568,1.5836595049315447,1.1119805412243977,0.8308749604080795,0.33944158350989717,1.634634476259163,0.8493428924158996,0.8472498701350464,1.2846915568824353,1.4098050841037781,1.1618673112916256,0.8229017078891379,1.4147710801768723,0.7702446910840638,1.0463415592251077,1.2570569692802795,0.8083952996567322,0.6326218544958186,0.8402758909318152,0.8886342151345683,0.8258748172965358,1.516651550300403,0.677613159328809,1.217750780957875,0.8627262838567137,0.1856807884305669,0.7213574805566075,0.2820565339088945,1.6163948716546743,1.0210096893394622,0.4656720633322704,0.9564071359967257,1.5516165553715635,1.253295663813097,0.42425422966343795,0.701932674028047,0.6029542639150208,0.11716565447365368,1.6791803930216211,0.9260348609209857,1.3635613180307729,1.0046774710642108,1.0245354565874054,1.2415516918779743,1.9549027228607585,1.027217599922598,1.1578676669664607,0.32792748177040987,0.6123896892981564,1.7269263934688495,1.0849097855959204,1.0848898191909968,1.283982987254936,1.196037665407426,1.1103377128738177,0.33650236798240984,1.1110336087436732,0.8617286690759979,0.5382778951974496,0.7068851118617939,0.4584798234768812,0.7817705537844388,1.6215985800546078,1.0112627173453435,1.3124918418304672,1.440251466435889,1.555996947732369,1.2708171342675936,1.1337843440392872,
1.0919354179156548,1.4251514794534574,0.8155998521497122,1.2944264866722848,0.5494217495581445,1.7221390145745779,0.81030765302394,1.3895217995156277,1.885210699842239,0.8822760873011078,1.634634476259163,0.8756811032388965,0.7216567163440863,1.8066685150035566,1.2771663242285238,1.5518237162505955,0.7994734365483988,1.7594322727767664,0.55476073791367,0.9060639679237641,0.590031600359857,1.583359903681004,0.9793215175308664,1.2852245631149937,0.946663914985065,1.6374952007385883,0.8975119418928407,0.8374344818039176,0.7010090958265732,1.509435752434278,0.6791226563670614,0.899082961618445,0.5581656242048035,0.8676726496712246,1.3034740635901194,0.5341366326887785,0.6848854956981821,1.2446701072441204,0.3830200288225153,0.24465556926349863,0.9391589903144607,0.08797375236967653,1.307068314558045,1.544636123407031,0.9373642860467822,1.4648913332811109,0.12415768157441531,1.8104347543784067,0.6425518060373803,1.7397348175432898,0.4071012229868878,0.9933190540518245,1.0684918477837175,0.6600872090741732,1.1917041736295177,0.6137593649517887,0.5737865334314456,0.7418914194721906,0.537313255900408,1.2709165735279109,1.1940719257802623,0.07544729423311236,0.41558835588729204,1.0279263586025311,0.9101626803930478,0.7944979070841336,1.453154801392935,0.46215709315660236,0.6792527464352449,0.41499146805110065,0.5072702968239968,1.5956283479480697,0.5409035979419119,0.8818625815248675,1.2499157042842133,
1.1986267178288106,0.3577672171902816,1.3693451821269744,0.9425952854121167,0.38878622301312127,1.4376082143429971,0.7393404725240575,0.5522840761356883,0.9074873038279241,1.5001425801025143,0.8493428924158996,0.7216567163440863,1.3676408049956066,0.7284827225178834,1.6803529893162925,0.390380201433256,0.8633624654139024,0.35942418504920015,1.5022532993195528,0.8389845272797538,1.1996401614322743,0.801655121941276,1.4708677756563873,0.39836308501680007,1.6123653098469044,0.3276083942602218,0.6799672532701373,1.0130476109917073,1.9009163309758055,0.7735373014071697,1.3299101466348788,0.7674102497581319,1.419650689117134,0.927924663273923,0.6623323723626191,0.8056622322553112,1.5828936969236858,0.6781883364983464,0.6039633889743542,0.6102910429129906,1.2459423035331532,0.6142733788147939,0.4145279540886735,1.1907250582732223,1.5351647853958061,0.6181357850460092,1.0273393428511572,0.9120570119227224,1.6631002684662057,0.74737153643272,1.1106642389570038,1.4854586360308097,1.2337081431929313,0.9321339606507361,0.385399709118732,1.084563751934477,0.8173471782888337,1.1607665744580133,1.2119125552891923,1.0180981633232693,1.9670272311631283,1.2626182514538442,0.8260995912621762,0.580131987773324,0.6100759955898993,0.9772204913207507,0.4491151785400943,1.1198361547234827,1.4091338341734634,1.2393883238662298,1.0144312211410376,0.7124036187025103,0.9669918970697362,1.409458599016757,0.6005185986539658,
0.28706890920043837,0.8267962415387472,1.6694964418782923,1.0911842743297533,1.0936276202596806,1.3803836955323385,0.411183097247959,0.5111583714865382,1.3431454761748063,0.644124861405808,0.8472498701350464,1.8066685150035566,0.7284827225178834,0.13942962244643153,0.5205513956939839,0.9742162951975109,1.1820716888947334,1.4421995596796773,1.2945379484489479,0.5979647076766624,0.8452208401240473,1.458093121525486,1.3616281209159986,0.3872876936273236,0.9944156061798224,1.2737066653953253,1.1909698023288156,0.8646604149394174,1.5516188902017292,0.8348274215445991,1.4667977798125555,1.6089971589963072,0.9444007135333831,0.6901120029137476,1.713408204226887,1.4370010148168202,0.7131206399373311,0.7293808815033371,0.8627197415795027,0.7247222716851641,1.3638607820834214,1.1743907049568536,1.1821455923399917,1.4542862307789188,0.893396407078544,0.8276374145951755,0.7441698655745338,1.41316689980021,1.0985323195279968,0.6396032804471773,0.316590064563002,0.7042552549207073,0.583939305775913,0.33791451573817366,1.6007280321388857,1.144798094442805,1.255241176723259,1.641027755605859,1.566414105781051,0.504312560921149,1.5180246931794068,1.1281590697574493,1.2448668999327661,0.6021069393776619,1.4754747196356182,1.8100099105267327,1.2033757128242044,0.6946805171094307,0.731041193725255,1.2499953769698247,0.5733603145293686,0.6705551762540128,1.2512507509034296,1.2474260215484179,1.2733165796861006,
0.9499563630551208,1.6392527931365597,1.1157966830600068,0.9216943168398428,0.377686539384823,0.8536707046368732,1.196946069752769,0.3801653242114583,1.5295087888952692,1.0620603714104582,1.2846915568824353,1.2771663242285238,1.6803529893162925,0.5205513956939839,1.4778531163885928,0.5585715029561124,1.197102140440267,1.1231453559313809,1.3800898580958125,1.1278818591380873,1.5386872152049738,0.9707987698653981,1.2184557192926824,1.1391000147354877,0.9654443488363444,1.4181797250888275,0.9834916420089488,1.1008935096142407,1.185924383994628,0.805746244121882,0.8043895484619547,0.8202795784666449,1.4348264603574714,0.609792028121278,0.6719968710521614,1.6051142927832025,1.0543239343491861,0.6757312435200418,1.0998636783167988,0.4484964087511467,1.4903293700422808,1.9200666219664222,1.3107605705917007,1.0144765151816724,1.1214815464422108,1.3041452707800958,1.25143132217785,0.9522480527098028,0.5059994710484343,0.13617855929282452,1.692137938449171,1.0446382272423156,0.9061165380203482,1.1893436053947886,1.709379364372273,0.7976357926982094,1.6297583452927198,1.1529235019336666,0.5796286812886304,0.9786762934934062,1.0047914080122247,1.4872920980019697,0.7677572219765817,0.7885806190626109,1.451861499212086,0.9155329496496581,1.1492960585942953,0.7255453508948205,1.115123727161334,0.7482970075609171,1.8310634388810154,0.9693575761163943,0.3305018035308547,1.230374275261545,0.303690715464889,
1.516086233956894,0.6456914778444938,1.0409767223223316,0.7519325160253195,0.5932624422861507,1.0531728843439647,1.4106351474875227,0.6688077640850345,1.0603820746932675,0.6073622955693014,1.4098050841037781,1.5518237162505955,0.390380201433256,0.9742162951975109,0.5585715029561124,0.3677227230370028,0.84097529454982,1.149091659977933,1.2016812102523358,0.5271464880670869,1.2397681441654078,0.8346803947438878,1.2808730436305056,0.8356747053876865,0.16618007300688553,1.6445336862844149,0.5859979370116516,1.7641026484280946,1.018757745997757,0.36428475309861363,1.3542379379033558,1.5547520690683023,0.3801851976580085,1.2922552998996717,1.3956228796951726,1.0745850032084023,1.0833339218810485,1.0894748819542182,0.5514375346076086,1.7494644613142036,1.062857255649392,1.9571795260484253,1.6620263068257857,0.8994675775966978,1.345303749567968,1.4047733402053422,1.2436322022052073,1.2072799508544183,1.2574948473477514,0.32102079422514884,1.072977820796988,0.609872019448736,0.7216825711866434,0.6149613019870591,0.6464039316300498,0.45798456194396653,1.2723483954913537,1.5936646311262828,0.8518447075299912,1.0333983177504826,1.3794803704460907,1.3298453523906912,0.5371515264201928,0.4789831553138093,1.379866182379243,1.6665833666799514,1.7615551362374684,0.3148888908539459,0.47475621062871254,1.9014139106269865,0.510291685726975,1.1202901837960755,0.16263289654429558,0.4866211064797108,0.7954772336553259,
1.0513950497593356,1.0104183428565316,0.9684595042865383,0.8298636018845438,0.9335833694241474,0.07116847732453269,0.2989207074056741,1.2297474470235086,0.7460137004201266,1.210484931670642,1.1618673112916256,0.7994734365483988,0.8633624654139024,1.1820716888947334,1.197102140440267,0.84097529454982,0.899490585312364,1.3970310239315258,1.5066170569658843,1.1603907123850659,0.7234171483732403,1.5107158815129087,0.10552267335738619,1.2922239173392096,1.2489727353333346,0.9933519297033464,1.0150814797672592,1.3724028245505555,1.805133369364424,1.4547718864268382,0.9123196267000171,0.9295283300697876,1.0828358848317494,1.2273717067120944,0.8758750492266996,1.6656040142931654,1.7389569934869222,1.4989863451407466,0.6622428011763754,1.251560841832096,1.6636493306089952,0.938033506038735,0.6472313107100686,1.2895451387019903,1.9177350245922504,0.9683432147669238,0.8862467637341335,1.1385387861999745,0.8328963322081767,0.36275414824471786,1.245476388626375,1.498199279520494,1.2924217267672358,1.0461838293385795,1.5820676290365165,0.6950885240953403,1.7655117648036363,1.0650814061004332,1.33562858920906,0.98960369946776,1.7370705086795661,1.703057001917744,0.3014054279315269,1.415387322249562,1.5159351288591134,1.561996465262459,1.2760941516933175,0.9860657554010946,1.0707969620501356,1.4835489047144534,1.2098701752887817,0.7493392817177141,1.404068341384419,0.8214905248850191,1.153878716629744,
0.8578340747427033,0.6951449012872222,0.8924771858724533,0.41222624497632177,0.707876062159095,0.41138146967000333,0.6798718201235088,1.204162707297141,1.6642618182508828,1.800749749668582,0.8229017078891379,1.7594322727767664,0.35942418504920015,1.4421995596796773,1.1231453559313809,1.149091659977933,1.3970310239315258,0.7638589059115615,0.9310787309873211,1.525706955363706,1.3813548429804627,1.861795110702539,0.9746081104608176,0.7338279690229135,0.7433503360802074,1.4623957714989422,0.3791391001950031,1.1510554499744388,1.575560458734093,0.3839747488515164,0.7160271446045627,1.3380517247325305,1.2459252466434285,1.4820876578545206,1.1620362609305643,0.4672434781331877,1.1046058408440715,1.0284811483603276,0.8840332551138883,0.9964458046890133,0.970814621456929,1.1789019296729424,1.0293038189870476,0.48217326309473885,1.1667521802902183,0.8527577738529376,0.4277168082384166,0.7110535959163632,0.5123324542059636,1.4856836700866265,1.156263820168872,1.5158026382217715,0.23876097949076125,1.2045032906227107,1.603540578591954,0.9794256485504157,0.653721650801669,0.31393781673329546,1.072515390220887,0.4545979743055183,1.158247717383261,1.6977351358841164,0.47359525417727677,1.3262617900079257,1.1037182793663238,0.537826745150285,1.3432310614451073,1.3139866995252039,1.4525589637648197,1.138542510424915,1.636317891592523,0.8794894032461826,0.2202708999663895,0.9837083660773828,0.9881270647653628,
0.8865610984029482,0.6081545088641684,0.999218161743399,0.7204967700554081,1.1614692083966567,0.17054360554616788,0.6439955815049576,1.596130550583578,0.82416505813539,1.4368626286521713,1.4147710801768723,0.55476073791367,1.5022532993195528,1.2945379484489479,1.3800898580958125,1.2016812102523358,1.5066170569658843,0.9310787309873211,0.4483078872798276,1.2265140190096457,1.3099600352343104,0.6512558650242403,1.597557910851536,0.451542863417989,0.8108901805918999,1.7130899937289368,0.35910192299774646,0.7979434185086496,1.1198144342682301,1.3152468210025485,1.6265207279091043,0.5314519473123724,1.4869937597669423,1.1200187001932482,0.7858252823480374,1.1888545666968753,1.08948832185893,0.4068713002329012,0.6357773176359117,1.7691682973783056,1.3166831771932093,1.7406217929555292,0.8230882261151422,0.7569441716906271,1.765332119871097,0.6857600831955778,0.7941037474811035,0.9437893642072167,1.5833450104978373,1.292114289115701,0.8407311616771995,0.8790597012737006,0.4765855778187277,0.9015007525889204,0.6904886496746083,1.8237003224230426,0.7269332409136903,1.00930738196127,0.9706880071096821,0.8091083038790281,0.9865509960904364,0.6926464176945204,0.7272943953576048,0.9245564650775135,0.6558091422200887,1.2333604517591992,0.09545919092898636,0.5787235130460309,1.2891921805274058,1.3959250408129633,0.7426244736152783,1.8280959161455976,0.827417932699251,0.7882164209422055,1.7699257899062162,
0.9686794883224953,0.7651011091472131,1.0667280521248372,0.9114907908123259,0.8801439938638903,1.6300854210392244,1.6899214526992028,1.5545830429240226,1.225572585933132,0.6050041496285089,0.7702446910840638,0.9060639679237641,0.8389845272797538,0.5979647076766624,1.1278818591380873,0.5271464880670869,1.1603907123850659,1.525706955363706,1.2265140190096457,1.3412001459203076,0.43883863201118134,0.12442129065680962,1.0850664459957553,1.6130590916774,1.6304921394264844,1.2714864805531743,1.1960569771480474,0.9750716999412953,0.2436374460718599,1.1072264558536276,1.120339839118715,1.6976754448937257,0.5145025545937723,1.128196412434467,0.9111263110437965,1.0875402662334137,0.7590020207699578,0.5376121772314277,1.484485794702329,0.19475525490137968,0.5627214033069512,0.4554189977094747,1.0990173730478854,1.3124595605564433,1.3079320517478599,1.167666899173851,0.8494677027106815,0.9832653948578002,0.9934749814867074,1.122813298744357,0.3604253828861883,1.6704112182560578,1.2533884891960512,0.9157509366052736,0.5330451988058318,1.2837034898142061,0.1812625541054791,1.647213807162993,0.4399473597213057,0.5971891311205877,0.8843024892380545,0.43089710947891624,1.3864482816698591,1.3459865677464453,0.2213551701290063,1.0257481219563183,0.5324069907317177,0.9171554412801349,0.11303378432154165,1.0422690968720794,0.38262545749384536,0.4590942586465413,0.29341824705297026,0.9152141814402339,0.8384574927551584,
0.9926323747669286,0.5113302032838937,0.6202927940271333,1.9182532676477693,1.3122212871862202,0.30923032039122633,0.8739042658472413,1.1451730488803742,1.1548131316131038,0.9668573246041993,1.0463415592251077,0.590031600359857,1.1996401614322743,0.8452208401240473,1.5386872152049738,1.2397681441654078,0.7234171483732403,1.3813548429804627,1.3099600352343104,0.43883863201118134,0.9692422071483389,0.44935091573627683,0.9360966443746789,1.1501669639714338,0.9409030034242509,1.3263264581800174,0.37376831352447004,0.8017515574483071,0.9214887095207569,1.1193465486661451,1.768059708469863,1.696564830137417,0.8814202001846965,1.2853389454649804,1.4640821011269187,1.0488612776127795,1.7277732919611601,0.7389608698297966,1.450633124078597,1.301612291883921,0.6554037553162164,0.7383384261869177,1.042117987135598,1.5740974111922639,1.0297157001502133,1.5252403023507388,1.6679832807556614,1.582887582537979,1.016578308203283,0.9197671078175794,0.7002922473632982,1.1840824785598196,1.005905493912022,0.8459668760306193,1.1361577823821043,0.8768228445019279,0.7765326187245977,1.0318417458893068,0.8731899123826874,1.0253043798121233,1.2248285714031497,1.1031679475201268,0.7667135252223517,0.7902822727560715,1.1864460014849307,0.46111031308336725,1.0646262393178003,1.497443521616288,0.8366654815946214,1.3804004016319043,1.6055753669624038,1.3714290514183758,1.6580926719613882,0.9219465352918959,1.2336519411456963,
1.257656526970465,0.9135111445374589,1.725144421689496,1.153180383077244,1.311743477453552,0.6835432424271723,0.9262635876590701,1.2835530787201097,1.1118605877517886,1.1487941856094641,1.2570569692802795,1.583359903681004,0.801655121941276,1.458093121525486,0.9707987698653981,0.8346803947438878,1.5107158815129087,1.861795110702539,0.6512558650242403,0.12442129065680962,0.44935091573627683,0.4592636085359092,1.30179486530883,0.13930828938023343,1.2802111053312855,0.8549054006886845,0.7691764391497591,1.4082215195400305,1.4677600237588027,0.9039992497385856,0.7983044234880365,0.7466498733352506,0.8950431885186205,1.2104474567536567,0.7333890112223854,0.5701372841197051,0.40377007930705555,1.409209428859513,1.1363237407750222,1.3668837546202721,1.4006586711595186,1.128635443948712,0.9119374521829118,0.8691872254815854,1.2598383155197268,1.8437765942051632,0.6584712846316505,0.5985034081561997,0.7098822875977726,0.899567610619474,1.2900718262181372,1.2086672384365644,1.501199989501857,1.0611492309779238,0.8275220784825555,0.8699402376287287,1.487721622045888,0.9941621833409754,0.4353786031468174,0.951207063471602,1.1930715239183654,0.8414241198756274,1.5253995078536582,0.46988644846480687,1.266755884771984,1.2626258359169649,1.2628206893059575,0.9845512498037385,1.136055304541159,0.7055742346582685,0.927224717859854,0.7913859668011869,0.5494983729614487,1.0173585902810423,0.8408337738581243,
0.9355425801644528,0.8845861216198281,0.6867034721451148,0.9112400029717851,1.0608247737155816,0.9090479369263411,0.7961692611442117,1.0749430502287822,1.1029730517232448,1.7870181666095197,0.8083952996567322,0.9793215175308664,1.4708677756563873,1.3616281209159986,1.2184557192926824,1.2808730436305056,0.10552267335738619,0.9746081104608176,1.597557910851536,1.0850664459957553,0.9360966443746789,1.30179486530883,1.0182388812959364,0.296319336456491,0.7753766238785532,0.7979461858244244,0.8707063581575404,0.36009600203489556,0.5257801359694206,1.06335059784781,0.9719534948358863,0.4989967094909593,0.3665282053911896,1.4976013843992089,0.6425839105140633,0.5739457749841393,1.2002417732190949,1.4297273050543415,0.2808956907188117,1.5920323680276378,0.6921537859267531,1.1069324275564558,0.414505752643329,1.4510669510452536,1.1132320974521748,0.8309503568346934,0.7171693325283454,1.0323445268341103,1.0602022591872837,1.462392708555366,0.3299359733759516,1.4963242518702187,0.9669146171692792,1.3330867511112645,0.06367630947698666,1.130037252448047,1.2419119948329755,0.8232837620353078,0.6615077027254959,0.8812005483349482,0.2280980933067861,0.47596680573029015,1.0535854895599355,1.2083215357145602,0.9847644415028964,0.6921730896794863,1.4568030418295308,1.1313192527399063,1.1678666575508974,1.4911516744878288,0.6623147773650642,0.4552612304928829,1.4602378139089882,0.4380702989480477,0.9829134438432147,
1.8854133269650635,1.1928965563619127,0.6851733713525672,1.0312005471654264,0.15801968812169676,1.1833882519905838,0.20518131253619976,0.8656152431014139,0.17363627651339908,0.6472947523490403,0.6326218544958186,1.2852245631149937,0.39836308501680007,0.3872876936273236,1.1391000147354877,0.8356747053876865,1.2922239173392096,0.7338279690229135,0.451542863417989,1.6130590916774,1.1501669639714338,0.13930828938023343,0.296319336456491,1.7518853281106452,0.9910440698192015,0.8920272952606944,0.8143140097994781,0.4459080785591315,0.9865524419999591,1.5768592115848974,1.253927580179257,1.5124112365359716,0.8014913951538091,0.2016680904921485,1.474906923268442,1.4959624726934142,0.8065605961356238,0.8600084899609708,0.9943715530195629,1.3545730910022904,0.19547429090774338,0.7521317989425075,1.208114472672879,0.6133185402037206,1.0327341927063762,1.369469606820662,0.7228922761202787,0.5376062688949795,0.8976862236849265,0.6050878960569961,1.1340112730179974,1.5876598760465293,0.5136553045843926,0.2334949307914057,0.9643132145942344,1.51948747372075,0.650351885195737,0.3107397818038443,0.22131163566148682,1.0767843404263546,0.6759726219377578,1.2234220416874817,0.7942084678947944,0.4851500038093629,0.46899853920485624,0.6735601077511726,0.2538377263326246,0.9996508675165033,0.08847163847065564,1.0117912797574724,1.1199175853349388,0.28446034393088593,0.38537629531957884,1.5143966297578197,0.6494832732307154,
0.9159722688253287,0.5520387323001698,0.15596272502665376,1.0902185802784705,1.4501848316038597,1.2458622293223809,0.9957608230799125,1.0107530060656251,1.0311244158048103,0.36839277049727226,0.8402758909318152,0.946663914985065,1.6123653098469044,0.9944156061798224,0.9654443488363444,0.16618007300688553,1.2489727353333346,0.7433503360802074,0.8108901805918999,1.6304921394264844,0.9409030034242509,1.2802111053312855,0.7753766238785532,0.9910440698192015,0.5979027106381289,0.6436834626631182,0.9836320084417876,0.7920225075259805,1.1479131827430757,0.5650510720899905,1.038732158742982,1.2855210077206507,1.3061954121883623,0.6849474164332823,1.5810775363906973,1.447669320415391,1.551813770633636,0.5164652836465617,1.1102625269951722,0.8436234629909538,1.197412837358435,0.8478710509889228,1.3093661193388044,1.9047655452573795,0.8030827350880533,1.001709450208574,0.8012196019449129,1.0358439490626115,1.0957172303462177,0.6765709346386762,0.8912640620238552,1.3878884655439383,1.2138158846011498,0.28907546487248403,1.5366447419977258,1.267065982102182,0.722601103925178,1.066339678408171,0.2714600501931892,1.1505931827212146,1.0843456117261527,1.1943999974015014,0.8353056280434008,0.8537074909011088,0.9286600301798251,0.3304720768966213,1.3920706516905712,1.136007021862301,1.232209958701226,1.196207797869337,0.6442784249543401,0.3285123483655713,1.5068186945424498,1.0649069746899413,0.5831223059730173,
1.4220104288398314,1.7464145145222552,1.3115347838853126,1.3480307961294404,0.2140696487289938,0.7488964498109726,0.6078567793346912,0.9904412847537324,1.2410185800775282,0.36523203504759094,0.8886342151345683,1.6374952007385883,0.3276083942602218,1.2737066653953253,1.4181797250888275,1.6445336862844149,0.9933519297033464,1.4623957714989422,1.7130899937289368,1.2714864805531743,1.3263264581800174,0.8549054006886845,0.7979461858244244,0.8920272952606944,0.6436834626631182,0.8633131025414138,0.9599652983043998,1.8838361521442282,0.6573582391818271,0.5743426945580531,0.5713232236674343,1.1931193205945039,1.6797787417526093,0.4559810519229317,0.8749316187588754,0.9203351600202542,0.8060838518531441,0.4455527919865816,1.1228785121632223,0.8230203202900953,1.7917255179494367,1.4522761456359157,0.3919449751729265,0.964276803623838,1.265590125571137,1.1038990851136008,1.084919210299852,1.8909442981280664,0.6584500595966988,1.1561183999314046,1.0595891488303621,0.536256448747659,1.0588695475506653,1.118446555102388,0.26476247358561367,1.2067842246520777,1.0885657594125797,1.5576430416538547,1.2877913414845474,0.9443928926801971,0.46137178835695747,1.04052611749772,1.8011892529434577,1.6839985760153382,0.9366702240129686,1.1111620750074556,0.23137386667125515,0.912975648835825,0.812253355644078,0.8900667374722778,0.817523735555824,0.3722070583840804,1.4770885145269785,0.3905905596994579,0.8138705976399274,
0.7800659598003683,1.6799419526110142,0.6397130784873322,0.5697882864039757,0.8370306078792105,1.024156651124923,1.1434329824936968,0.5908494853838133,0.5999549538751792,1.1226919133320923,0.8258748172965358,0.8975119418928407,0.6799672532701373,1.1909698023288156,0.9834916420089488,0.5859979370116516,1.0150814797672592,0.3791391001950031,0.35910192299774646,1.1960569771480474,0.37376831352447004,0.7691764391497591,0.8707063581575404,0.8143140097994781,0.9836320084417876,0.9599652983043998,1.3289886548416185,0.9682394140924192,0.15234476929011764,0.988374943488876,1.1019133889807464,0.635259858582456,1.026298488183206,1.038045100941067,1.9021158012519248,0.8639457000600488,1.0430519378276997,1.123401347612858,0.7357859529855796,0.8483108231284644,1.7641711094090011,0.845108955343346,1.6647903050859423,1.3088807398003437,1.0125077803246594,1.6376743630446904,0.6678681713592971,1.3490816447819078,1.0083379025335661,0.7837141858022436,0.7395854386314987,0.9036767681541441,0.5012495755081785,1.3690499811350603,0.39604118078629036,1.3179687465727592,0.9179802117943145,0.4655916453299861,1.0292932978747293,1.1583377980374956,0.9285133303962659,0.6377884110198155,0.957762289801931,1.2908948059071834,1.2675703276227632,0.43207132553825656,0.5047065328640898,1.3460018689873476,0.4065629093328307,0.9616544766964725,1.2437651023178726,1.0390205996937054,0.7676194029305837,0.6511156091936696,1.2134121154855197,
0.6200901051201974,1.010665928924665,1.3193016458532583,1.2490598372020476,1.2449140879632583,1.1134020987443791,0.9666145163855758,1.3458256270913433,1.2889053111052768,1.4287574210859293,1.516651550300403,0.8374344818039176,1.0130476109917073,0.8646604149394174,1.1008935096142407,1.7641026484280946,1.3724028245505555,1.1510554499744388,0.7979434185086496,0.9750716999412953,0.8017515574483071,1.4082215195400305,0.36009600203489556,0.4459080785591315,0.7920225075259805,1.8838361521442282,0.9682394140924192,0.9410412164185591,0.13178881437315992,1.0217283503309447,1.678682512115187,1.259700988983233,1.9907191634253762,0.5562240060937084,1.4955178283372605,0.34243094059098533,1.0294031827034502,0.7897456340528374,0.4731591041317206,1.0843563361641482,1.2360061306952628,0.9172578047888392,0.9523816720604548,1.651165109313681,1.304212924206327,1.5118359938554367,1.346495042706712,0.4867479042878412,1.5693579170866054,1.261505705108255,1.0532036539591014,1.5582835030646423,0.16732260557242562,0.3119159186154138,1.240979646938832,1.0887322815567306,1.5799377821053353,1.0917428073786053,1.3411551775564914,1.2093225826621734,0.41892918709855487,0.968985933261023,1.2710089067896564,0.5575995803842644,1.4021348785066707,1.2281078303444914,0.4311440553778083,1.3803908097426092,0.8232433587418327,0.7499657981429468,1.1503838959294506,0.6465594443360864,0.468633125393222,0.8496809262269752,0.7081930933369744,
